# 网格搜索报告: COPPER-XCU
# 运行时间: 2026-04-11 22:57:53
# 数据: COPPERUSDT_1m.csv + XCUUSDT_1m.csv
# 指定 grid_center: -0.02
# stress_spread = -0.18
# 价差统计: 均值=0.0225, 标准差=0.0303, 极差=0.2200
# 搜索轮数: 1
# 回测起始点: 自动找 center 附近

========================================
第 1 轮 粗搜索
参数范围: step=[0.008-0.015], width=[0.13-0.172], qty=[1300-1700]
组合数: 1008
有效结果数: 1005
========================================

Top10 按卡玛比率:
 grid_step  grid_width  qty  grid_center  近似杠杆  total_pnl  年化收益率  总手续费  最大回撤百分比  压力回撤%  卡玛比率  交易次数              回测起始时间
      0.01        0.14 1700        -0.02     32.34    7716.16    60452.03   1110.24          -50.88      25.02   1188.06      1347 2026-03-06 09:58:00+00:00
      0.01        0.13 1700        -0.02     27.68    6992.55    37853.94    905.65          -35.08      22.02   1078.97      1097 2026-03-06 09:58:00+00:00
      0.01        0.14 1650        -0.02     31.39    7489.21    52309.23   1077.59          -49.49      24.29   1056.88      1347 2026-03-06 09:58:00+00:00
      0.01        0.13 1650        -0.02     26.87    6786.89    33014.53    879.01          -34.08      21.37    968.63      1097 2026-03-06 09:58:00+00:00
      0.01        0.14 1600        -0.02     30.44    7262.27    45175.95   1044.93          -48.10      23.55    939.23      1347 2026-03-06 09:58:00+00:00
      0.01        0.13 1600        -0.02     26.06    6581.22    28743.64    852.38          -33.08      20.72    868.85      1097 2026-03-06 09:58:00+00:00
      0.01        0.14 1550        -0.02     29.49    7035.32    38937.91   1012.28          -46.70      22.82    833.82      1347 2026-03-06 09:58:00+00:00
      0.01        0.13 1550        -0.02     25.24    6375.56    24980.31    825.74          -32.08      20.07    778.71      1097 2026-03-06 09:58:00+00:00
      0.01        0.15 1700        -0.02     32.37    7090.34    40373.70    903.06          -52.53      22.71    768.56      1091 2026-03-06 09:58:00+00:00
      0.01        0.14 1700        -0.02     29.81    6791.78    33122.75    865.02          -43.24      22.44    765.98      1045 2026-03-06 09:58:00+00:00

========================================
最终结果（所有轮次合并去重）
========================================

Top50 按卡玛比率降序:
 grid_step  grid_width  qty  grid_center  近似杠杆  年化收益率  最大回撤百分比  压力回撤%  卡玛比率  total_pnl  总手续费  交易次数              回测起始时间
      0.01        0.14 1700        -0.02     32.34    60452.03          -50.88      25.02   1188.06    7716.16   1110.24      1347 2026-03-06 09:58:00+00:00
      0.01        0.13 1700        -0.02     27.68    37853.94          -35.08      22.02   1078.97    6992.55    905.65      1097 2026-03-06 09:58:00+00:00
      0.01        0.14 1650        -0.02     31.39    52309.23          -49.49      24.29   1056.88    7489.21   1077.59      1347 2026-03-06 09:58:00+00:00
      0.01        0.13 1650        -0.02     26.87    33014.53          -34.08      21.37    968.63    6786.89    879.01      1097 2026-03-06 09:58:00+00:00
      0.01        0.14 1600        -0.02     30.44    45175.95          -48.10      23.55    939.23    7262.27   1044.93      1347 2026-03-06 09:58:00+00:00
      0.01        0.13 1600        -0.02     26.06    28743.64          -33.08      20.72    868.85    6581.22    852.38      1097 2026-03-06 09:58:00+00:00
      0.01        0.14 1550        -0.02     29.49    38937.91          -46.70      22.82    833.82    7035.32   1012.28      1347 2026-03-06 09:58:00+00:00
      0.01        0.13 1550        -0.02     25.24    24980.31          -32.08      20.07    778.71    6375.56    825.74      1097 2026-03-06 09:58:00+00:00
      0.01        0.15 1700        -0.02     32.37    40373.70          -52.53      22.71    768.56    7090.34    903.06      1091 2026-03-06 09:58:00+00:00
      0.01        0.14 1700        -0.02     29.81    33122.75          -43.24      22.44    765.98    6791.78    865.02      1045 2026-03-06 09:58:00+00:00
      0.01        0.14 1500        -0.02     28.54    33492.48          -45.29      22.08    739.50    6808.38    979.62      1347 2026-03-06 09:58:00+00:00
      0.01        0.17 1700        -0.02     36.20    41472.40          -58.82      22.80    705.12    7131.25    908.05      1097 2026-03-06 09:58:00+00:00
      0.01        0.13 1500        -0.02     24.43    21669.50          -31.07      19.43    697.36    6169.90    799.10      1097 2026-03-06 09:58:00+00:00
      0.01        0.14 1700        -0.02     33.54    24788.86          -35.79      25.43    692.62    6364.36   1035.74      1251 2026-03-06 09:58:00+00:00
      0.01        0.14 1700        -0.02     28.75    25796.43          -37.37      22.44    690.29    6422.44    918.16      1121 2026-03-06 09:58:00+00:00
      0.01        0.14 1650        -0.02     28.94    28954.69          -42.03      21.78    688.84    6592.02    839.58      1045 2026-03-06 09:58:00+00:00
      0.01        0.15 1650        -0.02     31.42    35173.36          -51.13      22.04    687.86    6881.80    876.50      1091 2026-03-06 09:58:00+00:00
      0.01        0.16 1700        -0.02     33.65    33732.36          -50.06      22.83    673.79    6819.06    868.34      1049 2026-03-06 09:58:00+00:00
      0.01        0.14 1450        -0.02     27.59    28747.66          -43.88      21.34    655.18    6581.43    946.97      1347 2026-03-06 09:58:00+00:00
      0.01        0.15 1700        -0.02     37.13    28925.90          -44.98      25.84    643.08    6590.55   1088.35      1313 2026-03-06 09:58:00+00:00
      0.01        0.17 1650        -0.02     35.14    36114.01          -57.25      22.13    630.79    6921.51    881.34      1097 2026-03-06 09:58:00+00:00
      0.01        0.14 1650        -0.02     32.55    21779.51          -34.87      24.68    624.59    6177.17   1005.28      1251 2026-03-06 09:58:00+00:00
      0.01        0.13 1450        -0.02     23.61    18761.54          -30.07      18.78    624.00    5964.23    772.47      1097 2026-03-06 09:58:00+00:00
      0.01        0.14 1650        -0.02     27.90    22648.86          -36.35      21.78    623.07    6233.54    891.16      1121 2026-03-06 09:58:00+00:00
      0.01        0.14 1600        -0.02     28.06    25268.32          -40.82      21.12    618.99    6392.26    814.14      1045 2026-03-06 09:58:00+00:00
      0.01        0.15 1600        -0.02     30.46    30588.70          -49.73      21.38    615.11    6673.26    849.94      1091 2026-03-06 09:58:00+00:00
      0.01        0.16 1650        -0.02     32.66    29478.30          -48.66      22.16    605.74    6618.50    842.80      1049 2026-03-06 09:58:00+00:00
      0.01        0.15 1650        -0.02     36.04    25345.57          -43.68      25.08    580.24    6396.71   1056.34      1313 2026-03-06 09:58:00+00:00
      0.01        0.14 1400        -0.02     26.63    24621.09          -42.46      20.61    579.90    6354.48    914.32      1347 2026-03-06 09:58:00+00:00
      0.01        0.14 1700        -0.02     21.56    14700.73          -25.86      16.46    568.46    5623.16    496.84       600 2026-03-06 09:53:00+00:00
      0.01        0.16 1700        -0.02     34.50    26776.56          -47.23      22.80    566.96    6476.99    924.81      1129 2026-03-06 09:58:00+00:00
      0.01        0.17 1600        -0.02     34.07    31392.03          -55.68      21.46    563.81    6711.77    854.63      1097 2026-03-06 09:58:00+00:00
      0.01        0.14 1600        -0.02     31.57    19105.19          -33.94      23.94    562.85    5989.99    974.81      1251 2026-03-06 09:58:00+00:00
      0.01        0.14 1600        -0.02     27.06    19853.57          -35.33      21.12    562.00    6044.65    864.15      1121 2026-03-06 09:58:00+00:00
      0.01        0.13 1400        -0.02     22.80    16211.66          -29.06      18.13    557.92    5758.57    745.83      1097 2026-03-06 09:58:00+00:00
      0.01        0.13 1700        -0.02     19.17    13078.43          -23.48      15.04    557.09    5462.05    498.15       604 2026-03-06 09:53:00+00:00
      0.01        0.14 1550        -0.02     27.18    22012.85          -39.61      20.46    555.79    6192.50    788.70      1045 2026-03-06 09:58:00+00:00
      0.01        0.14 1700        -0.02     23.52    14143.09          -25.62      18.05    552.04    5568.94    579.96       701 2026-03-06 09:58:00+00:00
      0.01        0.15 1550        -0.02     29.51    26553.17          -48.32      20.71    549.58    6464.72    823.38      1091 2026-03-06 09:58:00+00:00
      0.01        0.16 1600        -0.02     31.67    25716.97          -47.26      21.49    544.14    6417.94    817.26      1049 2026-03-06 09:58:00+00:00
      0.01        0.15 1600        -0.02     34.95    22171.98          -42.38      24.32    523.16    6202.87   1024.33      1313 2026-03-06 09:58:00+00:00
      0.01        0.14 1650        -0.02     20.93    13037.58          -25.12      15.97    519.06    5457.77    482.23       600 2026-03-06 09:53:00+00:00
      0.01        0.13 1700        -0.02     31.14    18635.21          -36.18      25.02    515.06    5954.66   1010.24      1217 2026-03-06 09:58:00+00:00
      0.01        0.14 1700        -0.02     25.87    20057.61          -39.05      19.89    513.66    6059.23    744.17       894 2026-03-06 09:58:00+00:00
      0.01        0.17 1650        -0.02     39.99    22492.06          -43.86      24.95    512.84    6223.52   1011.73      1259 2026-03-06 09:58:00+00:00
      0.01        0.14 1350        -0.02     25.68    21039.17          -41.03      19.87    512.75    6127.54    881.66      1347 2026-03-06 09:58:00+00:00
      0.01        0.16 1650        -0.02     33.48    23494.00          -45.94      22.13    511.41    6286.49    897.61      1129 2026-03-06 09:58:00+00:00
      0.01        0.13 1650        -0.02     18.60    11623.58          -22.88      14.60    508.04    5301.41    483.49       604 2026-03-06 09:53:00+00:00
      0.01        0.14 1550        -0.02     30.58    16731.90          -33.01      23.19    506.88    5802.80    944.35      1251 2026-03-06 09:58:00+00:00
      0.01        0.14 1550        -0.02     26.21    17374.60          -34.30      20.46    506.58    5855.75    837.15      1121 2026-03-06 09:58:00+00:00

Top50 按年化收益率降序:
 grid_step  grid_width  qty  grid_center  近似杠杆  年化收益率  最大回撤百分比  压力回撤%  卡玛比率  total_pnl  总手续费  交易次数              回测起始时间
      0.01        0.14 1700        -0.02     32.34    60452.03          -50.88      25.02   1188.06    7716.16   1110.24      1347 2026-03-06 09:58:00+00:00
      0.01        0.14 1650        -0.02     31.39    52309.23          -49.49      24.29   1056.88    7489.21   1077.59      1347 2026-03-06 09:58:00+00:00
      0.01        0.14 1600        -0.02     30.44    45175.95          -48.10      23.55    939.23    7262.27   1044.93      1347 2026-03-06 09:58:00+00:00
      0.01        0.17 1700        -0.02     36.20    41472.40          -58.82      22.80    705.12    7131.25    908.05      1097 2026-03-06 09:58:00+00:00
      0.01        0.15 1700        -0.02     32.37    40373.70          -52.53      22.71    768.56    7090.34    903.06      1091 2026-03-06 09:58:00+00:00
      0.01        0.14 1550        -0.02     29.49    38937.91          -46.70      22.82    833.82    7035.32   1012.28      1347 2026-03-06 09:58:00+00:00
      0.01        0.13 1700        -0.02     27.68    37853.94          -35.08      22.02   1078.97    6992.55    905.65      1097 2026-03-06 09:58:00+00:00
      0.01        0.17 1650        -0.02     35.14    36114.01          -57.25      22.13    630.79    6921.51    881.34      1097 2026-03-06 09:58:00+00:00
      0.01        0.15 1650        -0.02     31.42    35173.36          -51.13      22.04    687.86    6881.80    876.50      1091 2026-03-06 09:58:00+00:00
      0.01        0.16 1700        -0.02     33.65    33732.36          -50.06      22.83    673.79    6819.06    868.34      1049 2026-03-06 09:58:00+00:00
      0.01        0.14 1500        -0.02     28.54    33492.48          -45.29      22.08    739.50    6808.38    979.62      1347 2026-03-06 09:58:00+00:00
      0.01        0.14 1700        -0.02     29.81    33122.75          -43.24      22.44    765.98    6791.78    865.02      1045 2026-03-06 09:58:00+00:00
      0.01        0.13 1650        -0.02     26.87    33014.53          -34.08      21.37    968.63    6786.89    879.01      1097 2026-03-06 09:58:00+00:00
      0.01        0.17 1600        -0.02     34.07    31392.03          -55.68      21.46    563.81    6711.77    854.63      1097 2026-03-06 09:58:00+00:00
      0.01        0.15 1600        -0.02     30.46    30588.70          -49.73      21.38    615.11    6673.26    849.94      1091 2026-03-06 09:58:00+00:00
      0.01        0.16 1650        -0.02     32.66    29478.30          -48.66      22.16    605.74    6618.50    842.80      1049 2026-03-06 09:58:00+00:00
      0.01        0.14 1650        -0.02     28.94    28954.69          -42.03      21.78    688.84    6592.02    839.58      1045 2026-03-06 09:58:00+00:00
      0.01        0.15 1700        -0.02     37.13    28925.90          -44.98      25.84    643.08    6590.55   1088.35      1313 2026-03-06 09:58:00+00:00
      0.01        0.14 1450        -0.02     27.59    28747.66          -43.88      21.34    655.18    6581.43    946.97      1347 2026-03-06 09:58:00+00:00
      0.01        0.13 1600        -0.02     26.06    28743.64          -33.08      20.72    868.85    6581.22    852.38      1097 2026-03-06 09:58:00+00:00
      0.01        0.17 1550        -0.02     33.01    27237.47          -54.10      20.79    503.51    6502.03    827.92      1097 2026-03-06 09:58:00+00:00
      0.01        0.16 1700        -0.02     34.50    26776.56          -47.23      22.80    566.96    6476.99    924.81      1129 2026-03-06 09:58:00+00:00
      0.01        0.15 1550        -0.02     29.51    26553.17          -48.32      20.71    549.58    6464.72    823.38      1091 2026-03-06 09:58:00+00:00
      0.01        0.14 1700        -0.02     28.75    25796.43          -37.37      22.44    690.29    6422.44    918.16      1121 2026-03-06 09:58:00+00:00
      0.01        0.16 1600        -0.02     31.67    25716.97          -47.26      21.49    544.14    6417.94    817.26      1049 2026-03-06 09:58:00+00:00
      0.01        0.15 1650        -0.02     36.04    25345.57          -43.68      25.08    580.24    6396.71   1056.34      1313 2026-03-06 09:58:00+00:00
      0.01        0.14 1600        -0.02     28.06    25268.32          -40.82      21.12    618.99    6392.26    814.14      1045 2026-03-06 09:58:00+00:00
      0.01        0.13 1550        -0.02     25.24    24980.31          -32.08      20.07    778.71    6375.56    825.74      1097 2026-03-06 09:58:00+00:00
      0.01        0.14 1700        -0.02     33.54    24788.86          -35.79      25.43    692.62    6364.36   1035.74      1251 2026-03-06 09:58:00+00:00
      0.01        0.14 1400        -0.02     26.63    24621.09          -42.46      20.61    579.90    6354.48    914.32      1347 2026-03-06 09:58:00+00:00
      0.01        0.17 1500        -0.02     31.94    23588.10          -52.50      20.12    449.26    6292.28    801.22      1097 2026-03-06 09:58:00+00:00
      0.01        0.16 1650        -0.02     33.48    23494.00          -45.94      22.13    511.41    6286.49    897.61      1129 2026-03-06 09:58:00+00:00
      0.01        0.15 1500        -0.02     28.56    23006.75          -46.89      20.04    490.62    6256.18    796.82      1091 2026-03-06 09:58:00+00:00
      0.01        0.14 1650        -0.02     27.90    22648.86          -36.35      21.78    623.07    6233.54    891.16      1121 2026-03-06 09:58:00+00:00
      0.01        0.17 1650        -0.02     39.99    22492.06          -43.86      24.95    512.84    6223.52   1011.73      1259 2026-03-06 09:58:00+00:00
      0.01        0.16 1550        -0.02     30.68    22396.32          -45.85      20.82    488.42    6217.37    791.73      1049 2026-03-06 09:58:00+00:00
      0.01        0.15 1600        -0.02     34.95    22171.98          -42.38      24.32    523.16    6202.87   1024.33      1313 2026-03-06 09:58:00+00:00
      0.01        0.14 1550        -0.02     27.18    22012.85          -39.61      20.46    555.79    6192.50    788.70      1045 2026-03-06 09:58:00+00:00
      0.01        0.14 1700        -0.02     34.74    21918.45          -58.07      25.70    377.48    6186.32   1086.28      1314 2026-03-06 09:58:00+00:00
      0.01        0.14 1650        -0.02     32.55    21779.51          -34.87      24.68    624.59    6177.17   1005.28      1251 2026-03-06 09:58:00+00:00
      0.01        0.13 1500        -0.02     24.43    21669.50          -31.07      19.43    697.36    6169.90    799.10      1097 2026-03-06 09:58:00+00:00
      0.01        0.14 1350        -0.02     25.68    21039.17          -41.03      19.87    512.75    6127.54    881.66      1347 2026-03-06 09:58:00+00:00
      0.01        0.15 1700        -0.02     29.71    20714.16          -45.98      20.40    450.47    6105.25    749.15       900 2026-03-06 09:58:00+00:00
      0.01        0.17 1700        -0.02     31.62    20714.16          -45.98      20.40    450.47    6105.25    749.15       900 2026-03-06 09:58:00+00:00
      0.01        0.17 1700        -0.02     32.20    20693.01          -62.06      20.40    333.42    6103.78    774.42       935 2026-03-06 09:58:00+00:00
      0.01        0.16 1700        -0.02     38.33    20621.68          -67.93      25.84    303.59    6098.84    996.96      1209 2026-03-06 09:58:00+00:00
      0.01        0.15 1700        -0.02     36.42    20621.68          -64.68      25.84    318.82    6098.84    996.96      1209 2026-03-06 09:58:00+00:00
      0.01        0.16 1600        -0.02     32.47    20580.63          -44.65      21.46    460.98    6095.99    870.41      1129 2026-03-06 09:58:00+00:00
      0.01        0.16 1700        -0.02     30.28    20472.25          -58.97      20.40    347.15    6088.45    772.75       933 2026-03-06 09:58:00+00:00
      0.01        0.16 1700        -0.02     27.88    20446.76          -48.21      18.45    424.15    6086.67    664.03       798 2026-03-06 09:58:00+00:00

Top50 按 total_pnl 降序:
 grid_step  grid_width  qty  grid_center  近似杠杆  年化收益率  最大回撤百分比  压力回撤%  卡玛比率  total_pnl  总手续费  交易次数              回测起始时间
      0.01        0.14 1700        -0.02     32.34    60452.03          -50.88      25.02   1188.06    7716.16   1110.24      1347 2026-03-06 09:58:00+00:00
      0.01        0.14 1650        -0.02     31.39    52309.23          -49.49      24.29   1056.88    7489.21   1077.59      1347 2026-03-06 09:58:00+00:00
      0.01        0.14 1600        -0.02     30.44    45175.95          -48.10      23.55    939.23    7262.27   1044.93      1347 2026-03-06 09:58:00+00:00
      0.01        0.17 1700        -0.02     36.20    41472.40          -58.82      22.80    705.12    7131.25    908.05      1097 2026-03-06 09:58:00+00:00
      0.01        0.15 1700        -0.02     32.37    40373.70          -52.53      22.71    768.56    7090.34    903.06      1091 2026-03-06 09:58:00+00:00
      0.01        0.14 1550        -0.02     29.49    38937.91          -46.70      22.82    833.82    7035.32   1012.28      1347 2026-03-06 09:58:00+00:00
      0.01        0.13 1700        -0.02     27.68    37853.94          -35.08      22.02   1078.97    6992.55    905.65      1097 2026-03-06 09:58:00+00:00
      0.01        0.17 1650        -0.02     35.14    36114.01          -57.25      22.13    630.79    6921.51    881.34      1097 2026-03-06 09:58:00+00:00
      0.01        0.15 1650        -0.02     31.42    35173.36          -51.13      22.04    687.86    6881.80    876.50      1091 2026-03-06 09:58:00+00:00
      0.01        0.16 1700        -0.02     33.65    33732.36          -50.06      22.83    673.79    6819.06    868.34      1049 2026-03-06 09:58:00+00:00
      0.01        0.14 1500        -0.02     28.54    33492.48          -45.29      22.08    739.50    6808.38    979.62      1347 2026-03-06 09:58:00+00:00
      0.01        0.14 1700        -0.02     29.81    33122.75          -43.24      22.44    765.98    6791.78    865.02      1045 2026-03-06 09:58:00+00:00
      0.01        0.13 1650        -0.02     26.87    33014.53          -34.08      21.37    968.63    6786.89    879.01      1097 2026-03-06 09:58:00+00:00
      0.01        0.17 1600        -0.02     34.07    31392.03          -55.68      21.46    563.81    6711.77    854.63      1097 2026-03-06 09:58:00+00:00
      0.01        0.15 1600        -0.02     30.46    30588.70          -49.73      21.38    615.11    6673.26    849.94      1091 2026-03-06 09:58:00+00:00
      0.01        0.16 1650        -0.02     32.66    29478.30          -48.66      22.16    605.74    6618.50    842.80      1049 2026-03-06 09:58:00+00:00
      0.01        0.14 1650        -0.02     28.94    28954.69          -42.03      21.78    688.84    6592.02    839.58      1045 2026-03-06 09:58:00+00:00
      0.01        0.15 1700        -0.02     37.13    28925.90          -44.98      25.84    643.08    6590.55   1088.35      1313 2026-03-06 09:58:00+00:00
      0.01        0.14 1450        -0.02     27.59    28747.66          -43.88      21.34    655.18    6581.43    946.97      1347 2026-03-06 09:58:00+00:00
      0.01        0.13 1600        -0.02     26.06    28743.64          -33.08      20.72    868.85    6581.22    852.38      1097 2026-03-06 09:58:00+00:00
      0.01        0.17 1550        -0.02     33.01    27237.47          -54.10      20.79    503.51    6502.03    827.92      1097 2026-03-06 09:58:00+00:00
      0.01        0.16 1700        -0.02     34.50    26776.56          -47.23      22.80    566.96    6476.99    924.81      1129 2026-03-06 09:58:00+00:00
      0.01        0.15 1550        -0.02     29.51    26553.17          -48.32      20.71    549.58    6464.72    823.38      1091 2026-03-06 09:58:00+00:00
      0.01        0.14 1700        -0.02     28.75    25796.43          -37.37      22.44    690.29    6422.44    918.16      1121 2026-03-06 09:58:00+00:00
      0.01        0.16 1600        -0.02     31.67    25716.97          -47.26      21.49    544.14    6417.94    817.26      1049 2026-03-06 09:58:00+00:00
      0.01        0.15 1650        -0.02     36.04    25345.57          -43.68      25.08    580.24    6396.71   1056.34      1313 2026-03-06 09:58:00+00:00
      0.01        0.14 1600        -0.02     28.06    25268.32          -40.82      21.12    618.99    6392.26    814.14      1045 2026-03-06 09:58:00+00:00
      0.01        0.13 1550        -0.02     25.24    24980.31          -32.08      20.07    778.71    6375.56    825.74      1097 2026-03-06 09:58:00+00:00
      0.01        0.14 1700        -0.02     33.54    24788.86          -35.79      25.43    692.62    6364.36   1035.74      1251 2026-03-06 09:58:00+00:00
      0.01        0.14 1400        -0.02     26.63    24621.09          -42.46      20.61    579.90    6354.48    914.32      1347 2026-03-06 09:58:00+00:00
      0.01        0.17 1500        -0.02     31.94    23588.10          -52.50      20.12    449.26    6292.28    801.22      1097 2026-03-06 09:58:00+00:00
      0.01        0.16 1650        -0.02     33.48    23494.00          -45.94      22.13    511.41    6286.49    897.61      1129 2026-03-06 09:58:00+00:00
      0.01        0.15 1500        -0.02     28.56    23006.75          -46.89      20.04    490.62    6256.18    796.82      1091 2026-03-06 09:58:00+00:00
      0.01        0.14 1650        -0.02     27.90    22648.86          -36.35      21.78    623.07    6233.54    891.16      1121 2026-03-06 09:58:00+00:00
      0.01        0.17 1650        -0.02     39.99    22492.06          -43.86      24.95    512.84    6223.52   1011.73      1259 2026-03-06 09:58:00+00:00
      0.01        0.16 1550        -0.02     30.68    22396.32          -45.85      20.82    488.42    6217.37    791.73      1049 2026-03-06 09:58:00+00:00
      0.01        0.15 1600        -0.02     34.95    22171.98          -42.38      24.32    523.16    6202.87   1024.33      1313 2026-03-06 09:58:00+00:00
      0.01        0.14 1550        -0.02     27.18    22012.85          -39.61      20.46    555.79    6192.50    788.70      1045 2026-03-06 09:58:00+00:00
      0.01        0.14 1700        -0.02     34.74    21918.45          -58.07      25.70    377.48    6186.32   1086.28      1314 2026-03-06 09:58:00+00:00
      0.01        0.14 1650        -0.02     32.55    21779.51          -34.87      24.68    624.59    6177.17   1005.28      1251 2026-03-06 09:58:00+00:00
      0.01        0.13 1500        -0.02     24.43    21669.50          -31.07      19.43    697.36    6169.90    799.10      1097 2026-03-06 09:58:00+00:00
      0.01        0.14 1350        -0.02     25.68    21039.17          -41.03      19.87    512.75    6127.54    881.66      1347 2026-03-06 09:58:00+00:00
      0.01        0.15 1700        -0.02     29.71    20714.16          -45.98      20.40    450.47    6105.25    749.15       900 2026-03-06 09:58:00+00:00
      0.01        0.17 1700        -0.02     31.62    20714.16          -45.98      20.40    450.47    6105.25    749.15       900 2026-03-06 09:58:00+00:00
      0.01        0.17 1700        -0.02     32.20    20693.01          -62.06      20.40    333.42    6103.78    774.42       935 2026-03-06 09:58:00+00:00
      0.01        0.16 1700        -0.02     38.33    20621.68          -67.93      25.84    303.59    6098.84    996.96      1209 2026-03-06 09:58:00+00:00
      0.01        0.15 1700        -0.02     36.42    20621.68          -64.68      25.84    318.82    6098.84    996.96      1209 2026-03-06 09:58:00+00:00
      0.01        0.16 1600        -0.02     32.47    20580.63          -44.65      21.46    460.98    6095.99    870.41      1129 2026-03-06 09:58:00+00:00
      0.01        0.16 1700        -0.02     30.28    20472.25          -58.97      20.40    347.15    6088.45    772.75       933 2026-03-06 09:58:00+00:00
      0.01        0.16 1700        -0.02     27.88    20446.76          -48.21      18.45    424.15    6086.67    664.03       798 2026-03-06 09:58:00+00:00

Top50 按 年化收益率/总手续费 降序（筛选 total_pnl > 0）:
 grid_step  grid_width  qty  grid_center  近似杠杆  年化收益率  最大回撤百分比  压力回撤%  卡玛比率  total_pnl  总手续费  交易次数              回测起始时间
      0.01        0.14 1700        -0.02     32.34    60452.03          -50.88      25.02   1188.06    7716.16   1110.24      1347 2026-03-06 09:58:00+00:00
      0.01        0.14 1650        -0.02     31.39    52309.23          -49.49      24.29   1056.88    7489.21   1077.59      1347 2026-03-06 09:58:00+00:00
      0.01        0.17 1700        -0.02     36.20    41472.40          -58.82      22.80    705.12    7131.25    908.05      1097 2026-03-06 09:58:00+00:00
      0.01        0.15 1700        -0.02     32.37    40373.70          -52.53      22.71    768.56    7090.34    903.06      1091 2026-03-06 09:58:00+00:00
      0.01        0.14 1600        -0.02     30.44    45175.95          -48.10      23.55    939.23    7262.27   1044.93      1347 2026-03-06 09:58:00+00:00
      0.01        0.13 1700        -0.02     27.68    37853.94          -35.08      22.02   1078.97    6992.55    905.65      1097 2026-03-06 09:58:00+00:00
      0.01        0.17 1650        -0.02     35.14    36114.01          -57.25      22.13    630.79    6921.51    881.34      1097 2026-03-06 09:58:00+00:00
      0.01        0.15 1650        -0.02     31.42    35173.36          -51.13      22.04    687.86    6881.80    876.50      1091 2026-03-06 09:58:00+00:00
      0.01        0.16 1700        -0.02     33.65    33732.36          -50.06      22.83    673.79    6819.06    868.34      1049 2026-03-06 09:58:00+00:00
      0.01        0.14 1550        -0.02     29.49    38937.91          -46.70      22.82    833.82    7035.32   1012.28      1347 2026-03-06 09:58:00+00:00
      0.01        0.14 1700        -0.02     29.81    33122.75          -43.24      22.44    765.98    6791.78    865.02      1045 2026-03-06 09:58:00+00:00
      0.01        0.13 1650        -0.02     26.87    33014.53          -34.08      21.37    968.63    6786.89    879.01      1097 2026-03-06 09:58:00+00:00
      0.01        0.17 1600        -0.02     34.07    31392.03          -55.68      21.46    563.81    6711.77    854.63      1097 2026-03-06 09:58:00+00:00
      0.01        0.15 1600        -0.02     30.46    30588.70          -49.73      21.38    615.11    6673.26    849.94      1091 2026-03-06 09:58:00+00:00
      0.01        0.16 1650        -0.02     32.66    29478.30          -48.66      22.16    605.74    6618.50    842.80      1049 2026-03-06 09:58:00+00:00
      0.01        0.14 1650        -0.02     28.94    28954.69          -42.03      21.78    688.84    6592.02    839.58      1045 2026-03-06 09:58:00+00:00
      0.01        0.14 1500        -0.02     28.54    33492.48          -45.29      22.08    739.50    6808.38    979.62      1347 2026-03-06 09:58:00+00:00
      0.01        0.13 1600        -0.02     26.06    28743.64          -33.08      20.72    868.85    6581.22    852.38      1097 2026-03-06 09:58:00+00:00
      0.01        0.17 1550        -0.02     33.01    27237.47          -54.10      20.79    503.51    6502.03    827.92      1097 2026-03-06 09:58:00+00:00
      0.01        0.15 1550        -0.02     29.51    26553.17          -48.32      20.71    549.58    6464.72    823.38      1091 2026-03-06 09:58:00+00:00
      0.01        0.16 1600        -0.02     31.67    25716.97          -47.26      21.49    544.14    6417.94    817.26      1049 2026-03-06 09:58:00+00:00
      0.01        0.17 1700        -0.02     29.97    19415.76          -41.28      18.36    470.34    6012.90    622.20       751 2026-03-06 09:58:00+00:00
      0.01        0.14 1600        -0.02     28.06    25268.32          -40.82      21.12    618.99    6392.26    814.14      1045 2026-03-06 09:58:00+00:00
      0.01        0.15 1700        -0.02     26.14    19184.43          -38.03      18.34    504.48    5995.87    620.53       749 2026-03-06 09:58:00+00:00
      0.01        0.16 1700        -0.02     27.88    20446.76          -48.21      18.45    424.15    6086.67    664.03       798 2026-03-06 09:58:00+00:00
      0.01        0.14 1450        -0.02     27.59    28747.66          -43.88      21.34    655.18    6581.43    946.97      1347 2026-03-06 09:58:00+00:00
      0.01        0.13 1550        -0.02     25.24    24980.31          -32.08      20.07    778.71    6375.56    825.74      1097 2026-03-06 09:58:00+00:00
      0.01        0.14 1700        -0.02     21.56    14700.73          -25.86      16.46    568.46    5623.16    496.84       600 2026-03-06 09:53:00+00:00
      0.01        0.17 1500        -0.02     31.94    23588.10          -52.50      20.12    449.26    6292.28    801.22      1097 2026-03-06 09:58:00+00:00
      0.01        0.16 1700        -0.02     34.50    26776.56          -47.23      22.80    566.96    6476.99    924.81      1129 2026-03-06 09:58:00+00:00
      0.01        0.15 1500        -0.02     28.56    23006.75          -46.89      20.04    490.62    6256.18    796.82      1091 2026-03-06 09:58:00+00:00
      0.01        0.17 1650        -0.02     29.09    17132.92          -40.12      17.82    427.04    5836.05    603.90       751 2026-03-06 09:58:00+00:00
      0.01        0.16 1550        -0.02     30.68    22396.32          -45.85      20.82    488.42    6217.37    791.73      1049 2026-03-06 09:58:00+00:00
      0.01        0.15 1650        -0.02     25.37    16932.42          -36.96      17.80    458.14    5819.52    602.28       749 2026-03-06 09:58:00+00:00
      0.01        0.14 1700        -0.02     28.75    25796.43          -37.37      22.44    690.29    6422.44    918.16      1121 2026-03-06 09:58:00+00:00
      0.01        0.16 1650        -0.02     27.06    18026.02          -46.90      17.90    384.37    5907.65    644.50       798 2026-03-06 09:58:00+00:00
      0.01        0.16 1700        -0.02     28.23    17002.65          -41.03      18.45    414.35    5825.33    609.17       735 2026-03-06 09:58:00+00:00
      0.01        0.14 1550        -0.02     27.18    22012.85          -39.61      20.46    555.79    6192.50    788.70      1045 2026-03-06 09:58:00+00:00
      0.01        0.17 1700        -0.02     31.62    20714.16          -45.98      20.40    450.47    6105.25    749.15       900 2026-03-06 09:58:00+00:00
      0.01        0.15 1700        -0.02     29.71    20714.16          -45.98      20.40    450.47    6105.25    749.15       900 2026-03-06 09:58:00+00:00
      0.01        0.16 1700        -0.02     31.05    20306.01          -48.68      20.40    417.14    6076.80    736.80       896 2026-03-06 09:58:00+00:00
      0.01        0.17 1700        -0.02     32.97    20306.01          -48.68      20.23    417.14    6076.80    736.80       896 2026-03-06 09:58:00+00:00
      0.01        0.14 1700        -0.02     24.39    16594.60          -34.18      18.05    485.46    5791.25    605.85       731 2026-03-06 09:58:00+00:00
      0.01        0.15 1700        -0.02     29.13    20089.00          -45.51      20.40    441.39    6061.46    735.14       894 2026-03-06 09:58:00+00:00
      0.01        0.14 1700        -0.02     27.79    20274.36          -42.60      20.23    475.95    6074.57    745.83       896 2026-03-06 09:58:00+00:00
      0.01        0.13 1500        -0.02     24.43    21669.50          -31.07      19.43    697.36    6169.90    799.10      1097 2026-03-06 09:58:00+00:00
      0.01        0.14 1650        -0.02     20.93    13037.58          -25.12      15.97    519.06    5457.77    482.23       600 2026-03-06 09:53:00+00:00
      0.01        0.14 1700        -0.02     25.87    20057.61          -39.05      19.89    513.66    6059.23    744.17       894 2026-03-06 09:58:00+00:00
      0.01        0.14 1400        -0.02     26.63    24621.09          -42.46      20.61    579.90    6354.48    914.32      1347 2026-03-06 09:58:00+00:00
      0.01        0.17 1700        -0.02     32.20    20693.01          -62.06      20.40    333.42    6103.78    774.42       935 2026-03-06 09:58:00+00:00
