# 网格搜索报告: PAXG-XAUT
# 运行时间: 2026-05-06 22:21:09
# 数据: PAXGUSDT_1m.csv + XAUTUSDT_1m.csv
# 指定 grid_center: 10.0
# stress_spread = 120.0
# 价差统计: 均值=21.84, 标准差=13.3145, 极差=163.0900
# 搜索轮数: 1
# 回测起始点: 自动找 center 附近

========================================
第 1 轮 粗搜索
参数范围: step=[3.0-5.0], width=[15.0-28.0], qty=[7-12]
组合数: 3402
有效结果数: 933
========================================

Top10 按卡玛比率:
 grid_step  grid_width  qty  grid_center  近似杠杆  total_pnl  年化收益率  总手续费  最大回撤百分比  压力回撤%  卡玛比率  交易次数              回测起始时间
      4.40       18.00   10        10.00     39.60   19322.49     3568.76   4559.21           -6.16       0.00    579.50      1109 2026-01-01 00:04:00+00:00
      3.40       16.50    8        10.00     37.59   15961.44     2350.90   5155.20           -4.06       0.00    578.60      1580 2026-01-01 03:34:00+00:00
      4.60       19.00   10        10.00     39.99   18267.10     3144.96   4094.50           -6.14       0.00    512.34       995 2026-01-01 00:04:00+00:00
      4.60       18.50   10        10.00     38.94   18212.67     3124.09   4086.83           -6.39       0.00    489.16       993 2026-01-01 00:04:00+00:00
      4.40       18.00    9        10.00     35.64   17390.24     2819.99   4103.29           -5.92       0.00    476.27      1109 2026-01-01 00:04:00+00:00
      3.40       16.50    7        10.00     32.89   13966.26     1774.45   4510.80           -3.83       0.00    463.86      1580 2026-01-01 03:34:00+00:00
      4.60       19.00    9        10.00     35.99   16440.39     2494.49   3685.05           -5.60       0.00    445.49       995 2026-01-01 00:04:00+00:00
      4.10       17.50    9        10.00     37.19   16939.08     2662.25   4310.82           -6.08       0.00    437.60      1173 2026-01-01 00:08:00+00:00
      4.10       20.50    8        10.00     38.72   18104.93     3083.32   4600.11           -7.50       0.00    411.23      1407 2026-01-01 00:08:00+00:00
      4.60       18.50    9        10.00     35.04   16391.41     2478.43   3678.14           -6.13       0.00    404.21       993 2026-01-01 00:04:00+00:00

========================================
最终结果（所有轮次合并去重）
========================================

Top50 按卡玛比率降序:
 grid_step  grid_width  qty  grid_center  近似杠杆  年化收益率  最大回撤百分比  压力回撤%  卡玛比率  total_pnl  总手续费  交易次数              回测起始时间
      4.40       18.00   10        10.00     39.60     3568.76           -6.16       0.00    579.50   19322.49   4559.21      1109 2026-01-01 00:04:00+00:00
      3.40       16.50    8        10.00     37.59     2350.90           -4.06       0.00    578.60   15961.44   5155.20      1580 2026-01-01 03:34:00+00:00
      4.60       19.00   10        10.00     39.99     3144.96           -6.14       0.00    512.34   18267.10   4094.50       995 2026-01-01 00:04:00+00:00
      4.60       18.50   10        10.00     38.94     3124.09           -6.39       0.00    489.16   18212.67   4086.83       993 2026-01-01 00:04:00+00:00
      4.40       18.00    9        10.00     35.64     2819.99           -5.92       0.00    476.27   17390.24   4103.29      1109 2026-01-01 00:04:00+00:00
      3.40       16.50    7        10.00     32.89     1774.45           -3.83       0.00    463.86   13966.26   4510.80      1580 2026-01-01 03:34:00+00:00
      4.60       19.00    9        10.00     35.99     2494.49           -5.60       0.00    445.49   16440.39   3685.05       995 2026-01-01 00:04:00+00:00
      4.10       17.50    9        10.00     37.19     2662.25           -6.08       0.00    437.60   16939.08   4310.82      1173 2026-01-01 00:08:00+00:00
      4.10       20.50    8        10.00     38.72     3083.32           -7.50       0.00    411.23   18104.93   4600.11      1407 2026-01-01 00:08:00+00:00
      4.60       18.50    9        10.00     35.04     2478.43           -6.13       0.00    404.21   16391.41   3678.14       993 2026-01-01 00:04:00+00:00
      3.70       16.50    9        10.00     38.86     2016.71           -5.06       0.00    398.47   14880.68   4278.16      1176 2026-01-01 00:08:00+00:00
      4.40       18.00    8        10.00     31.68     2185.53           -5.65       0.00    386.89   15457.99   3647.37      1109 2026-01-01 00:04:00+00:00
      4.20       23.00    7        10.00     37.11     1546.95           -4.04       0.00    382.92   13084.43   3225.50      1130 2026-01-01 00:08:00+00:00
      4.30       24.00    7        10.00     37.82     2537.28           -6.63       0.00    382.43   16569.19   3972.59      1377 2026-01-01 00:08:00+00:00
      4.60       19.00    8        10.00     31.99     1941.44           -5.21       0.00    372.95   14613.68   3275.60       995 2026-01-01 00:04:00+00:00
      4.90       20.00   10        10.00     39.51     3191.59           -8.92       0.00    357.61   18387.80   3860.20       937 2026-01-01 00:04:00+00:00
      4.10       17.50    8        10.00     33.06     2067.35           -5.80       0.00    356.52   15056.96   3831.84      1173 2026-01-01 00:08:00+00:00
      4.40       16.50   11        10.00     39.93     2325.51           -6.73       0.00    345.80   15913.94   3675.19       823 2026-01-01 00:04:00+00:00
      4.10       15.00   11        10.00     38.96     2354.94           -6.82       0.00    345.24   16006.81   4023.64       903 2026-01-01 00:08:00+00:00
      4.40       24.50    7        10.00     37.73     2274.66           -6.79       0.00    334.83   15750.48   3714.14      1288 2026-01-01 00:04:00+00:00
      3.70       16.50    8        10.00     34.54     1581.33           -4.78       0.00    330.78   13227.27   3802.81      1176 2026-01-01 00:08:00+00:00
      4.60       18.50    8        10.00     31.15     1929.37           -5.84       0.00    330.38   14570.14   3269.46       993 2026-01-01 00:04:00+00:00
      4.30       16.00   11        10.00     39.63     1972.64           -6.02       0.00    327.55   14724.86   3510.50       787 2026-01-01 00:08:00+00:00
      4.10       23.50    7        10.00     38.84     2257.25           -6.94       0.00    325.13   15693.35   4000.17      1394 2026-01-01 00:08:00+00:00
      4.10       20.50    7        10.00     33.88     2303.17           -7.09       0.00    324.75   15841.82   4025.09      1407 2026-01-01 00:08:00+00:00
      4.90       18.50   10        10.00     36.55     1923.14           -6.00       0.00    320.74   14547.57   2971.43       727 2026-01-01 00:04:00+00:00
      4.40       16.00   11        10.00     38.72     2184.82           -6.82       0.00    320.45   15455.62   3583.95       801 2026-01-01 00:04:00+00:00
      4.60       26.00    7        10.00     38.30     2145.01           -6.82       0.00    314.41   15322.35   3407.48      1180 2026-01-01 00:04:00+00:00
      4.40       18.00    7        10.00     27.72     1654.65           -5.33       0.00    310.22   13525.74   3191.45      1109 2026-01-01 00:04:00+00:00
      4.10       23.00    7        10.00     38.02     2200.34           -7.11       0.00    309.35   15506.52   3952.71      1378 2026-01-01 00:08:00+00:00
      4.90       19.00   10        10.00     37.54     1688.72           -5.54       0.00    304.68   13661.22   2782.88       683 2026-01-01 00:04:00+00:00
      4.60       19.00    7        10.00     27.99     1476.84           -4.91       0.00    300.86   12786.97   2866.15       995 2026-01-01 00:04:00+00:00
      4.90       20.00    9        10.00     35.56     2530.36           -8.55       0.00    296.08   16549.02   3474.18       937 2026-01-01 00:04:00+00:00
      3.90       22.50    7        10.00     39.10     2131.00           -7.21       0.00    295.64   15274.49   4134.62      1446 2026-01-01 00:08:00+00:00
      4.40       16.50   10        10.00     36.30     1901.05           -6.45       0.00    294.61   14467.22   3341.08       823 2026-01-01 00:04:00+00:00
      4.10       15.00   10        10.00     35.42     1924.42           -6.54       0.00    294.17   14551.64   3657.86       903 2026-01-01 00:08:00+00:00
      4.60       16.50   11        10.00     38.20     2395.29           -8.30       0.00    288.72   16134.37   3547.82       791 2026-01-01 00:04:00+00:00
      4.10       17.50    7        10.00     28.93     1568.65           -5.47       0.00    286.82   13174.84   3352.86      1173 2026-01-01 00:08:00+00:00
      4.90       19.50   10        10.00     38.53     1596.63           -5.59       0.00    285.87   13290.71   2741.29       671 2026-01-01 00:04:00+00:00
      4.90       20.50    9        10.00     36.45     2474.40           -8.75       0.00    282.64   16379.08   3435.68       927 2026-01-01 00:04:00+00:00
      4.40       25.00    7        10.00     38.50     2010.06           -7.13       0.00    281.97   14857.87   3499.56      1216 2026-01-01 00:04:00+00:00
      4.30       16.00   10        10.00     36.02     1620.17           -5.75       0.00    281.64   13386.23   3191.37       787 2026-01-01 00:08:00+00:00
      4.60       17.00   11        10.00     39.36     2350.17           -8.35       0.00    281.32   15992.33   3528.49       785 2026-01-01 00:04:00+00:00
      4.40       16.00   10        10.00     35.20     1789.20           -6.54       0.00    273.62   14050.56   3258.14       801 2026-01-01 00:04:00+00:00
      3.70       16.50    7        10.00     30.22     1212.97           -4.46       0.00    271.81   11573.86   3327.46      1176 2026-01-01 00:08:00+00:00
      4.60       18.00   10        10.00     37.88     1708.98           -6.30       0.00    271.31   13740.94   3020.56       741 2026-01-01 00:04:00+00:00
      4.90       18.50    9        10.00     32.90     1548.84           -5.72       0.00    270.77   13092.82   2674.28       727 2026-01-01 00:04:00+00:00
      3.80       16.00    9        10.00     36.69     1715.73           -6.34       0.00    270.49   13766.84   3828.07      1043 2026-01-01 00:08:00+00:00
      3.60       16.50    9        10.00     39.93     2427.36           -9.01       0.00    269.45   16233.57   4921.83      1338 2026-01-01 00:08:00+00:00
      4.30       21.50    8        10.00     38.72     2151.27           -7.98       0.00    269.43   15342.84   3698.76      1125 2026-01-01 00:08:00+00:00

Top50 按年化收益率降序:
 grid_step  grid_width  qty  grid_center  近似杠杆  年化收益率  最大回撤百分比  压力回撤%  卡玛比率  total_pnl  总手续费  交易次数              回测起始时间
      4.40       18.00   10        10.00     39.60     3568.76           -6.16       0.00    579.50   19322.49   4559.21      1109 2026-01-01 00:04:00+00:00
      4.90       20.00   10        10.00     39.51     3191.59           -8.92       0.00    357.61   18387.80   3860.20       937 2026-01-01 00:04:00+00:00
      4.60       19.00   10        10.00     39.99     3144.96           -6.14       0.00    512.34   18267.10   4094.50       995 2026-01-01 00:04:00+00:00
      4.60       18.50   10        10.00     38.94     3124.09           -6.39       0.00    489.16   18212.67   4086.83       993 2026-01-01 00:04:00+00:00
      4.10       20.50    8        10.00     38.72     3083.32           -7.50       0.00    411.23   18104.93   4600.11      1407 2026-01-01 00:08:00+00:00
      4.60       21.00    9        10.00     39.78     2996.79          -21.04       0.00    142.42   17875.32   3957.06      1068 2026-01-01 00:04:00+00:00
      4.20       15.00   11        10.00     38.03     2933.32          -10.91       0.00    268.93   17702.76   4320.56       964 2026-01-01 00:08:00+00:00
      4.40       20.00    9        10.00     39.60     2825.97          -21.42       0.00    131.91   17406.97   4045.79      1093 2026-01-01 00:04:00+00:00
      4.40       18.00    9        10.00     35.64     2819.99           -5.92       0.00    476.27   17390.24   4103.29      1109 2026-01-01 00:04:00+00:00
      4.30       15.50   11        10.00     38.39     2787.46          -10.90       0.00    255.78   17298.07   4116.29       916 2026-01-01 00:08:00+00:00
      4.10       18.50    9        10.00     39.31     2751.29          -22.06       0.00    124.74   17195.49   4315.86      1170 2026-01-01 00:08:00+00:00
      3.80       15.50   10        10.00     39.49     2714.69          -20.64       0.00    131.51   17090.80   4765.60      1168 2026-01-01 00:08:00+00:00
      4.10       17.50    9        10.00     37.19     2662.25           -6.08       0.00    437.60   16939.08   4310.82      1173 2026-01-01 00:08:00+00:00
      3.70       15.00   10        10.00     39.25     2656.64          -21.17       0.00    125.49   16922.71   4807.49      1180 2026-01-01 00:08:00+00:00
      4.50       16.50   11        10.00     39.05     2643.72          -22.24       0.00    118.86   16885.64   3845.07       855 2026-01-01 00:04:00+00:00
      4.70       19.00   10        10.00     39.14     2606.97          -20.50       0.00    127.19   16777.61   3525.09       865 2026-01-01 00:04:00+00:00
      4.80       19.50   10        10.00     39.33     2585.55          -20.37       0.00    126.94   16714.15   3450.85       846 2026-01-01 00:04:00+00:00
      4.30       24.00    7        10.00     37.82     2537.28           -6.63       0.00    382.43   16569.19   3972.59      1377 2026-01-01 00:08:00+00:00
      4.90       20.00    9        10.00     35.56     2530.36           -8.55       0.00    296.08   16549.02   3474.18       937 2026-01-01 00:04:00+00:00
      4.80       24.00    8        10.00     38.72     2524.63          -11.53       0.00    219.03   16531.72   3473.32      1054 2026-01-01 00:04:00+00:00
      4.70       26.50    7        10.00     38.21     2514.82          -13.16       0.00    191.04   16502.09   3548.92      1229 2026-01-01 00:04:00+00:00
      4.70       26.00    7        10.00     37.49     2508.68          -13.31       0.00    188.52   16483.50   3551.55      1229 2026-01-01 00:04:00+00:00
      4.60       19.00    9        10.00     35.99     2494.49           -5.60       0.00    445.49   16440.39   3685.05       995 2026-01-01 00:04:00+00:00
      4.60       18.50    9        10.00     35.04     2478.43           -6.13       0.00    404.21   16391.41   3678.14       993 2026-01-01 00:04:00+00:00
      4.90       20.50    9        10.00     36.45     2474.40           -8.75       0.00    282.64   16379.08   3435.68       927 2026-01-01 00:04:00+00:00
      4.90       23.50    8        10.00     37.14     2464.71          -20.20       0.00    122.01   16349.41   3327.71      1011 2026-01-01 00:04:00+00:00
      3.60       20.00    7        10.00     37.65     2453.72          -14.03       0.00    174.83   16314.97   4859.68      1699 2026-01-01 00:08:00+00:00
      3.90       21.50    7        10.00     37.36     2449.59          -10.22       0.00    239.72   16302.27   4409.82      1537 2026-01-01 00:08:00+00:00
      4.80       27.00    7        10.00     38.12     2442.76          -13.24       0.00    184.43   16281.84   3425.47      1183 2026-01-01 00:04:00+00:00
      4.80       26.50    7        10.00     37.41     2439.87          -13.40       0.00    182.05   16272.92   3424.66      1183 2026-01-01 00:04:00+00:00
      3.60       16.50    9        10.00     39.93     2427.36           -9.01       0.00    269.45   16233.57   4921.83      1338 2026-01-01 00:08:00+00:00
      4.10       16.50   10        10.00     38.96     2404.65          -15.48       0.00    155.33   16162.96   4036.54       988 2026-01-01 00:08:00+00:00
      4.60       16.50   11        10.00     38.20     2395.29           -8.30       0.00    288.72   16134.37   3547.82       791 2026-01-01 00:04:00+00:00
      4.10       19.00    8        10.00     35.89     2386.96          -25.10       0.00     95.11   16107.64   4061.48      1239 2026-01-01 00:08:00+00:00
      4.20       15.00   10        10.00     34.58     2382.43          -10.47       0.00    227.62   16093.41   3927.79       964 2026-01-01 00:08:00+00:00
      4.10       15.00   11        10.00     38.96     2354.94           -6.82       0.00    345.24   16006.81   4023.64       903 2026-01-01 00:08:00+00:00
      3.40       16.50    8        10.00     37.59     2350.90           -4.06       0.00    578.60   15961.44   5155.20      1580 2026-01-01 03:34:00+00:00
      4.60       17.00   11        10.00     39.36     2350.17           -8.35       0.00    281.32   15992.33   3528.49       785 2026-01-01 00:04:00+00:00
      4.40       16.50   11        10.00     39.93     2325.51           -6.73       0.00    345.80   15913.94   3675.19       823 2026-01-01 00:04:00+00:00
      4.70       20.00    9        10.00     37.08     2321.17           -8.85       0.00    262.14   15900.09   3486.63       938 2026-01-01 00:04:00+00:00
      4.70       23.50    8        10.00     38.72     2319.25          -12.00       0.00    193.33   15893.96   3439.08      1047 2026-01-01 00:04:00+00:00
      4.60       21.00    8        10.00     35.36     2317.76          -20.05       0.00    115.58   15889.17   3517.39      1068 2026-01-01 00:04:00+00:00
      4.10       20.50    7        10.00     33.88     2303.17           -7.09       0.00    324.75   15841.82   4025.09      1407 2026-01-01 00:08:00+00:00
      3.90       22.00    7        10.00     38.23     2291.79          -18.13       0.00    126.40   15805.19   4263.88      1492 2026-01-01 00:08:00+00:00
      4.70       17.00   11        10.00     38.52     2286.64          -11.32       0.00    202.08   15789.21   3395.89       755 2026-01-01 00:04:00+00:00
      4.90       23.00    8        10.00     36.35     2286.35          -16.27       0.00    140.50   15788.29   3214.67       977 2026-01-01 00:04:00+00:00
      4.70       15.00   12        10.00     37.08     2283.27          -13.18       0.00    173.21   15778.35   3348.09       688 2026-01-01 00:04:00+00:00
      3.60       20.50    7        10.00     38.59     2277.25          -18.18       0.00    125.26   15758.25   4688.05      1641 2026-01-01 00:08:00+00:00
      4.40       24.50    7        10.00     37.73     2274.66           -6.79       0.00    334.83   15750.48   3714.14      1288 2026-01-01 00:04:00+00:00
      4.30       15.50   10        10.00     34.90     2267.15          -10.46       0.00    216.83   15725.52   3742.08       916 2026-01-01 00:08:00+00:00

Top50 按 total_pnl 降序:
 grid_step  grid_width  qty  grid_center  近似杠杆  年化收益率  最大回撤百分比  压力回撤%  卡玛比率  total_pnl  总手续费  交易次数              回测起始时间
      4.40       18.00   10        10.00     39.60     3568.76           -6.16       0.00    579.50   19322.49   4559.21      1109 2026-01-01 00:04:00+00:00
      4.90       20.00   10        10.00     39.51     3191.59           -8.92       0.00    357.61   18387.80   3860.20       937 2026-01-01 00:04:00+00:00
      4.60       19.00   10        10.00     39.99     3144.96           -6.14       0.00    512.34   18267.10   4094.50       995 2026-01-01 00:04:00+00:00
      4.60       18.50   10        10.00     38.94     3124.09           -6.39       0.00    489.16   18212.67   4086.83       993 2026-01-01 00:04:00+00:00
      4.10       20.50    8        10.00     38.72     3083.32           -7.50       0.00    411.23   18104.93   4600.11      1407 2026-01-01 00:08:00+00:00
      4.60       21.00    9        10.00     39.78     2996.79          -21.04       0.00    142.42   17875.32   3957.06      1068 2026-01-01 00:04:00+00:00
      4.20       15.00   11        10.00     38.03     2933.32          -10.91       0.00    268.93   17702.76   4320.56       964 2026-01-01 00:08:00+00:00
      4.40       20.00    9        10.00     39.60     2825.97          -21.42       0.00    131.91   17406.97   4045.79      1093 2026-01-01 00:04:00+00:00
      4.40       18.00    9        10.00     35.64     2819.99           -5.92       0.00    476.27   17390.24   4103.29      1109 2026-01-01 00:04:00+00:00
      4.30       15.50   11        10.00     38.39     2787.46          -10.90       0.00    255.78   17298.07   4116.29       916 2026-01-01 00:08:00+00:00
      4.10       18.50    9        10.00     39.31     2751.29          -22.06       0.00    124.74   17195.49   4315.86      1170 2026-01-01 00:08:00+00:00
      3.80       15.50   10        10.00     39.49     2714.69          -20.64       0.00    131.51   17090.80   4765.60      1168 2026-01-01 00:08:00+00:00
      4.10       17.50    9        10.00     37.19     2662.25           -6.08       0.00    437.60   16939.08   4310.82      1173 2026-01-01 00:08:00+00:00
      3.70       15.00   10        10.00     39.25     2656.64          -21.17       0.00    125.49   16922.71   4807.49      1180 2026-01-01 00:08:00+00:00
      4.50       16.50   11        10.00     39.05     2643.72          -22.24       0.00    118.86   16885.64   3845.07       855 2026-01-01 00:04:00+00:00
      4.70       19.00   10        10.00     39.14     2606.97          -20.50       0.00    127.19   16777.61   3525.09       865 2026-01-01 00:04:00+00:00
      4.80       19.50   10        10.00     39.33     2585.55          -20.37       0.00    126.94   16714.15   3450.85       846 2026-01-01 00:04:00+00:00
      4.30       24.00    7        10.00     37.82     2537.28           -6.63       0.00    382.43   16569.19   3972.59      1377 2026-01-01 00:08:00+00:00
      4.90       20.00    9        10.00     35.56     2530.36           -8.55       0.00    296.08   16549.02   3474.18       937 2026-01-01 00:04:00+00:00
      4.80       24.00    8        10.00     38.72     2524.63          -11.53       0.00    219.03   16531.72   3473.32      1054 2026-01-01 00:04:00+00:00
      4.70       26.50    7        10.00     38.21     2514.82          -13.16       0.00    191.04   16502.09   3548.92      1229 2026-01-01 00:04:00+00:00
      4.70       26.00    7        10.00     37.49     2508.68          -13.31       0.00    188.52   16483.50   3551.55      1229 2026-01-01 00:04:00+00:00
      4.60       19.00    9        10.00     35.99     2494.49           -5.60       0.00    445.49   16440.39   3685.05       995 2026-01-01 00:04:00+00:00
      4.60       18.50    9        10.00     35.04     2478.43           -6.13       0.00    404.21   16391.41   3678.14       993 2026-01-01 00:04:00+00:00
      4.90       20.50    9        10.00     36.45     2474.40           -8.75       0.00    282.64   16379.08   3435.68       927 2026-01-01 00:04:00+00:00
      4.90       23.50    8        10.00     37.14     2464.71          -20.20       0.00    122.01   16349.41   3327.71      1011 2026-01-01 00:04:00+00:00
      3.60       20.00    7        10.00     37.65     2453.72          -14.03       0.00    174.83   16314.97   4859.68      1699 2026-01-01 00:08:00+00:00
      3.90       21.50    7        10.00     37.36     2449.59          -10.22       0.00    239.72   16302.27   4409.82      1537 2026-01-01 00:08:00+00:00
      4.80       27.00    7        10.00     38.12     2442.76          -13.24       0.00    184.43   16281.84   3425.47      1183 2026-01-01 00:04:00+00:00
      4.80       26.50    7        10.00     37.41     2439.87          -13.40       0.00    182.05   16272.92   3424.66      1183 2026-01-01 00:04:00+00:00
      3.60       16.50    9        10.00     39.93     2427.36           -9.01       0.00    269.45   16233.57   4921.83      1338 2026-01-01 00:08:00+00:00
      4.10       16.50   10        10.00     38.96     2404.65          -15.48       0.00    155.33   16162.96   4036.54       988 2026-01-01 00:08:00+00:00
      4.60       16.50   11        10.00     38.20     2395.29           -8.30       0.00    288.72   16134.37   3547.82       791 2026-01-01 00:04:00+00:00
      4.10       19.00    8        10.00     35.89     2386.96          -25.10       0.00     95.11   16107.64   4061.48      1239 2026-01-01 00:08:00+00:00
      4.20       15.00   10        10.00     34.58     2382.43          -10.47       0.00    227.62   16093.41   3927.79       964 2026-01-01 00:08:00+00:00
      4.10       15.00   11        10.00     38.96     2354.94           -6.82       0.00    345.24   16006.81   4023.64       903 2026-01-01 00:08:00+00:00
      4.60       17.00   11        10.00     39.36     2350.17           -8.35       0.00    281.32   15992.33   3528.49       785 2026-01-01 00:04:00+00:00
      3.40       16.50    8        10.00     37.59     2350.90           -4.06       0.00    578.60   15961.44   5155.20      1580 2026-01-01 03:34:00+00:00
      4.40       16.50   11        10.00     39.93     2325.51           -6.73       0.00    345.80   15913.94   3675.19       823 2026-01-01 00:04:00+00:00
      4.70       20.00    9        10.00     37.08     2321.17           -8.85       0.00    262.14   15900.09   3486.63       938 2026-01-01 00:04:00+00:00
      4.70       23.50    8        10.00     38.72     2319.25          -12.00       0.00    193.33   15893.96   3439.08      1047 2026-01-01 00:04:00+00:00
      4.60       21.00    8        10.00     35.36     2317.76          -20.05       0.00    115.58   15889.17   3517.39      1068 2026-01-01 00:04:00+00:00
      4.10       20.50    7        10.00     33.88     2303.17           -7.09       0.00    324.75   15841.82   4025.09      1407 2026-01-01 00:08:00+00:00
      3.90       22.00    7        10.00     38.23     2291.79          -18.13       0.00    126.40   15805.19   4263.88      1492 2026-01-01 00:08:00+00:00
      4.70       17.00   11        10.00     38.52     2286.64          -11.32       0.00    202.08   15789.21   3395.89       755 2026-01-01 00:04:00+00:00
      4.90       23.00    8        10.00     36.35     2286.35          -16.27       0.00    140.50   15788.29   3214.67       977 2026-01-01 00:04:00+00:00
      4.70       15.00   12        10.00     37.08     2283.27          -13.18       0.00    173.21   15778.35   3348.09       688 2026-01-01 00:04:00+00:00
      3.60       20.50    7        10.00     38.59     2277.25          -18.18       0.00    125.26   15758.25   4688.05      1641 2026-01-01 00:08:00+00:00
      4.40       24.50    7        10.00     37.73     2274.66           -6.79       0.00    334.83   15750.48   3714.14      1288 2026-01-01 00:04:00+00:00
      4.30       15.50   10        10.00     34.90     2267.15          -10.46       0.00    216.83   15725.52   3742.08       916 2026-01-01 00:08:00+00:00

Top50 按 年化收益率/总手续费 降序（筛选 total_pnl > 0）:
 grid_step  grid_width  qty  grid_center  近似杠杆  年化收益率  最大回撤百分比  压力回撤%  卡玛比率  total_pnl  总手续费  交易次数              回测起始时间
      4.90       20.00   10        10.00     39.51     3191.59           -8.92       0.00    357.61   18387.80   3860.20       937 2026-01-01 00:04:00+00:00
      4.40       18.00   10        10.00     39.60     3568.76           -6.16       0.00    579.50   19322.49   4559.21      1109 2026-01-01 00:04:00+00:00
      4.60       19.00   10        10.00     39.99     3144.96           -6.14       0.00    512.34   18267.10   4094.50       995 2026-01-01 00:04:00+00:00
      4.60       18.50   10        10.00     38.94     3124.09           -6.39       0.00    489.16   18212.67   4086.83       993 2026-01-01 00:04:00+00:00
      4.60       21.00    9        10.00     39.78     2996.79          -21.04       0.00    142.42   17875.32   3957.06      1068 2026-01-01 00:04:00+00:00
      4.80       19.50   10        10.00     39.33     2585.55          -20.37       0.00    126.94   16714.15   3450.85       846 2026-01-01 00:04:00+00:00
      4.90       23.50    8        10.00     37.14     2464.71          -20.20       0.00    122.01   16349.41   3327.71      1011 2026-01-01 00:04:00+00:00
      4.70       19.00   10        10.00     39.14     2606.97          -20.50       0.00    127.19   16777.61   3525.09       865 2026-01-01 00:04:00+00:00
      4.90       20.00    9        10.00     35.56     2530.36           -8.55       0.00    296.08   16549.02   3474.18       937 2026-01-01 00:04:00+00:00
      4.80       24.00    8        10.00     38.72     2524.63          -11.53       0.00    219.03   16531.72   3473.32      1054 2026-01-01 00:04:00+00:00
      4.90       20.50    9        10.00     36.45     2474.40           -8.75       0.00    282.64   16379.08   3435.68       927 2026-01-01 00:04:00+00:00
      4.90       24.00    8        10.00     37.93     2255.30          -20.94       0.00    107.72   15687.61   3159.99       962 2026-01-01 00:04:00+00:00
      4.80       27.00    7        10.00     38.12     2442.76          -13.24       0.00    184.43   16281.84   3425.47      1183 2026-01-01 00:04:00+00:00
      4.80       26.50    7        10.00     37.41     2439.87          -13.40       0.00    182.05   16272.92   3424.66      1183 2026-01-01 00:04:00+00:00
      5.00       20.00   10        10.00     38.72     2178.94          -20.31       0.00    107.30   15436.06   3062.64       748 2026-01-01 00:04:00+00:00
      4.90       23.00    8        10.00     36.35     2286.35          -16.27       0.00    140.50   15788.29   3214.67       977 2026-01-01 00:04:00+00:00
      4.70       26.50    7        10.00     38.21     2514.82          -13.16       0.00    191.04   16502.09   3548.92      1229 2026-01-01 00:04:00+00:00
      4.70       26.00    7        10.00     37.49     2508.68          -13.31       0.00    188.52   16483.50   3551.55      1229 2026-01-01 00:04:00+00:00
      4.90       24.50    8        10.00     38.72     2213.22          -20.94       0.00    105.71   15549.71   3147.65       955 2026-01-01 00:04:00+00:00
      4.40       20.00    9        10.00     39.60     2825.97          -21.42       0.00    131.91   17406.97   4045.79      1093 2026-01-01 00:04:00+00:00
      4.80       24.50    8        10.00     39.53     2265.59          -12.12       0.00    186.95   15721.08   3289.08      1003 2026-01-01 00:04:00+00:00
      4.50       16.50   11        10.00     39.05     2643.72          -22.24       0.00    118.86   16885.64   3845.07       855 2026-01-01 00:04:00+00:00
      4.80       15.00   12        10.00     36.30     2214.55          -13.09       0.00    169.18   15554.08   3221.84       662 2026-01-01 00:04:00+00:00
      4.40       18.00    9        10.00     35.64     2819.99           -5.92       0.00    476.27   17390.24   4103.29      1109 2026-01-01 00:04:00+00:00
      5.00       17.50   11        10.00     37.27     2092.50          -17.37       0.00    120.47   15144.02   3057.68       676 2026-01-01 00:04:00+00:00
      4.70       15.00   12        10.00     37.08     2283.27          -13.18       0.00    173.21   15778.35   3348.09       688 2026-01-01 00:04:00+00:00
      4.80       27.50    7        10.00     38.83     2226.63          -13.52       0.00    164.70   15593.83   3277.68      1133 2026-01-01 00:04:00+00:00
      4.20       15.00   11        10.00     38.03     2933.32          -10.91       0.00    268.93   17702.76   4320.56       964 2026-01-01 00:08:00+00:00
      4.90       25.00    8        10.00     39.51     2051.56          -17.06       0.00    120.24   15002.89   3029.35       921 2026-01-01 00:04:00+00:00
      4.30       15.50   11        10.00     38.39     2787.46          -10.90       0.00    255.78   17298.07   4116.29       916 2026-01-01 00:08:00+00:00
      4.60       19.00    9        10.00     35.99     2494.49           -5.60       0.00    445.49   16440.39   3685.05       995 2026-01-01 00:04:00+00:00
      4.60       16.50   11        10.00     38.20     2395.29           -8.30       0.00    288.72   16134.37   3547.82       791 2026-01-01 00:04:00+00:00
      4.80       17.50   11        10.00     38.83     2177.88          -11.39       0.00    191.17   15432.52   3225.90       716 2026-01-01 00:04:00+00:00
      4.70       23.50    8        10.00     38.72     2319.25          -12.00       0.00    193.33   15893.96   3439.08      1047 2026-01-01 00:04:00+00:00
      4.60       18.50    9        10.00     35.04     2478.43           -6.13       0.00    404.21   16391.41   3678.14       993 2026-01-01 00:04:00+00:00
      4.70       17.00   11        10.00     38.52     2286.64          -11.32       0.00    202.08   15789.21   3395.89       755 2026-01-01 00:04:00+00:00
      4.10       20.50    8        10.00     38.72     3083.32           -7.50       0.00    411.23   18104.93   4600.11      1407 2026-01-01 00:08:00+00:00
      4.90       17.50   11        10.00     38.03     2086.77          -11.50       0.00    181.50   15124.39   3121.09       691 2026-01-01 00:04:00+00:00
      4.70       24.00    8        10.00     39.55     2241.71          -12.07       0.00    185.74   15643.27   3353.29      1022 2026-01-01 00:04:00+00:00
      4.80       28.00    7        10.00     39.53     2099.10          -13.98       0.00    150.14   15166.60   3140.36      1089 2026-01-01 00:04:00+00:00
      4.60       17.00   11        10.00     39.36     2350.17           -8.35       0.00    281.32   15992.33   3528.49       785 2026-01-01 00:04:00+00:00
      4.70       20.00    9        10.00     37.08     2321.17           -8.85       0.00    262.14   15900.09   3486.63       938 2026-01-01 00:04:00+00:00
      4.80       19.50    9        10.00     35.40     2063.06          -19.44       0.00    106.13   15042.74   3105.76       846 2026-01-01 00:04:00+00:00
      4.70       27.50    7        10.00     39.65     2202.54          -17.52       0.00    125.70   15514.44   3324.66      1152 2026-01-01 00:04:00+00:00
      4.90       28.00    7        10.00     38.72     2026.91          -14.26       0.00    142.11   14916.99   3069.16      1061 2026-01-01 00:04:00+00:00
      4.60       21.00    8        10.00     35.36     2317.76          -20.05       0.00    115.58   15889.17   3517.39      1068 2026-01-01 00:04:00+00:00
      4.70       19.00    9        10.00     35.22     2079.63          -19.56       0.00    106.34   15099.85   3172.58       865 2026-01-01 00:04:00+00:00
      4.90       27.50    7        10.00     38.03     2011.58          -14.15       0.00    142.21   14863.23   3071.47      1059 2026-01-01 00:04:00+00:00
      4.80       20.00    9        10.00     36.30     2001.11          -19.68       0.00    101.70   14826.37   3058.07       834 2026-01-01 00:04:00+00:00
      4.90       22.50    8        10.00     35.56     1981.13          -16.22       0.00    122.16   14755.61   3031.19       917 2026-01-01 00:04:00+00:00
