# 网格搜索报告: XAU-XAUT
# 运行时间: 2026-04-11 19:31:29
# 数据: XAUUSDT_1m.csv + XAUTUSDT_1m.csv
# 指定 grid_center: 8.0
# stress_spread = -120.0
# 价差统计: 均值=14.2677, 标准差=17.0867, 极差=174.6900
# 搜索轮数: 1
# 回测起始点: 自动找 center 附近

========================================
第 1 轮 粗搜索
参数范围: step=[2.2-4.0], width=[17.0-1516.0], qty=[5-10]
组合数: 420
有效结果数: 119
========================================

Top10 按卡玛比率:
 grid_step  grid_width  qty  grid_center  近似杠杆  total_pnl  年化收益率  总手续费  最大回撤百分比  压力回撤%  卡玛比率  交易次数              回测起始时间
      3.60       22.00    6         8.00     36.37   27075.78    19092.76   7868.58           -9.31      41.54   2050.67      3241 2025-12-31 00:29:00+00:00
      3.60       18.00    8         8.00     39.68   27870.87    20798.12   8123.69          -10.79      46.88   1927.83      2526 2025-12-31 00:29:00+00:00
      3.80       21.00    7         8.00     38.37   28489.18    22201.02   7716.64          -11.75      40.81   1888.93      2730 2025-12-31 00:29:00+00:00
      3.40       21.00    6         8.00     36.76   26860.14    18648.83   8400.72           -9.97      41.80   1870.90      3462 2025-12-31 00:29:00+00:00
      3.40       17.00    8         8.00     39.68   27753.51    20539.52   8613.29          -11.17      47.12   1838.34      2683 2025-12-31 00:29:00+00:00
      3.40       22.00    6         8.00     38.51   28795.10    22920.68   9105.64          -12.60      41.80   1818.79      3757 2025-12-31 00:29:00+00:00
      3.60       20.00    7         8.00     38.57   28778.72    22881.71   8356.98          -13.65      41.02   1675.99      2964 2025-12-31 00:29:00+00:00
      3.80       19.00    8         8.00     39.68   28356.15    21893.37   7741.13          -13.35      46.64   1640.49      2399 2025-12-31 00:29:00+00:00
      3.80       20.00    7         8.00     36.54   25569.69    16151.09   6863.41           -9.96      40.81   1621.44      2443 2025-12-31 00:29:00+00:00
      2.80       21.00    5         8.00     37.20   25378.56    15950.35  10307.74          -10.11      40.88   1578.41      5101 2025-12-31 04:26:00+00:00

========================================
最终结果（所有轮次合并去重）
========================================

Top50 按卡玛比率降序:
 grid_step  grid_width  qty  grid_center  近似杠杆  年化收益率  最大回撤百分比  压力回撤%  卡玛比率  total_pnl  总手续费  交易次数              回测起始时间
      3.60       22.00    6         8.00     36.37    19092.76           -9.31      41.54   2050.67   27075.78   7868.58      3241 2025-12-31 00:29:00+00:00
      3.60       18.00    8         8.00     39.68    20798.12          -10.79      46.88   1927.83   27870.87   8123.69      2526 2025-12-31 00:29:00+00:00
      3.80       21.00    7         8.00     38.37    22201.02          -11.75      40.81   1888.93   28489.18   7716.64      2730 2025-12-31 00:29:00+00:00
      3.40       21.00    6         8.00     36.76    18648.83           -9.97      41.80   1870.90   26860.14   8400.72      3462 2025-12-31 00:29:00+00:00
      3.40       17.00    8         8.00     39.68    20539.52          -11.17      47.12   1838.34   27753.51   8613.29      2683 2025-12-31 00:29:00+00:00
      3.40       22.00    6         8.00     38.51    22920.68          -12.60      41.80   1818.79   28795.10   9105.64      3757 2025-12-31 00:29:00+00:00
      3.60       20.00    7         8.00     38.57    22881.71          -13.65      41.02   1675.99   28778.72   8356.98      2964 2025-12-31 00:29:00+00:00
      3.80       19.00    8         8.00     39.68    21893.37          -13.35      46.64   1640.49   28356.15   7741.13      2399 2025-12-31 00:29:00+00:00
      3.80       20.00    7         8.00     36.54    16151.09           -9.96      40.81   1621.44   25569.69   6863.41      2443 2025-12-31 00:29:00+00:00
      2.80       21.00    5         8.00     37.20    15950.35          -10.11      40.88   1578.41   25378.56  10307.74      5101 2025-12-31 04:26:00+00:00
      3.40       19.00    7         8.00     38.80    21226.67          -13.59      41.23   1561.58   28062.97   8836.20      3137 2025-12-31 00:29:00+00:00
      3.20       17.00    7         8.00     36.89    14508.61          -10.13      41.44   1431.94   24637.46   8247.49      2942 2025-12-31 00:29:00+00:00
      3.60       18.00    7         8.00     34.72    14089.42          -10.13      41.02   1391.32   24387.01   7108.23      2526 2025-12-31 00:29:00+00:00
      3.40       17.00    7         8.00     34.72    13920.19          -10.30      41.23   1351.35   24284.32   7536.63      2683 2025-12-31 00:29:00+00:00
      3.60       22.00    5         8.00     30.31    11302.78           -8.49      34.62   1331.39   22563.15   6557.15      3241 2025-12-31 00:29:00+00:00
      3.20       20.00    6         8.00     37.20    14062.86          -10.71      42.05   1312.51   24370.95   8191.65      3397 2025-12-31 00:29:00+00:00
      3.80       22.00    6         8.00     34.46    12452.48           -9.55      34.98   1303.42   23352.25   6294.35      2605 2025-12-31 00:29:00+00:00
      3.80       21.00    6         8.00     32.89    14142.96          -11.19      34.98   1264.03   24419.30   6614.26      2730 2025-12-31 00:29:00+00:00
      4.00       22.00    7         8.00     38.19    12350.69           -9.85      40.60   1253.51   23284.63   5995.60      2114 2025-12-31 00:29:00+00:00
      3.40       20.00    6         8.00     35.01    13115.90          -10.68      35.34   1227.56   23783.16   7403.28      3063 2025-12-31 00:29:00+00:00
      3.40       18.00    7         8.00     36.76    13053.97          -10.83      41.23   1205.02   23743.63   7495.27      2667 2025-12-31 00:29:00+00:00
      3.40       21.00    5         8.00     30.63    11052.42           -9.39      34.83   1177.00   22383.45   7000.60      3462 2025-12-31 00:29:00+00:00
      3.40       22.00    5         8.00     32.09    13452.98          -11.53      34.83   1166.95   23995.91   7588.04      3757 2025-12-31 00:29:00+00:00
      3.80       19.00    7         8.00     34.72    14805.55          -12.81      40.81   1155.38   24811.63   6773.49      2399 2025-12-31 00:29:00+00:00
      3.60       20.00    6         8.00     33.06    14559.45          -13.02      35.16   1118.62   24667.47   7163.13      2964 2025-12-31 00:29:00+00:00
      2.60       17.00    6         8.00     38.91    13737.66          -12.37      42.80   1110.86   24096.64  10833.98      4491 2025-12-31 04:26:00+00:00
      3.80       20.00    6         8.00     31.32    10421.64           -9.46      34.98   1101.36   21916.88   5882.92      2443 2025-12-31 00:29:00+00:00
      3.80       17.00    9         8.00     39.94    15002.47          -13.64      42.66   1099.59   24925.70   6863.92      1894 2025-12-31 00:29:00+00:00
      4.00       18.00    8         8.00     35.71    13369.36          -12.19      37.76   1096.48   23943.51   6176.73      1908 2025-12-31 00:29:00+00:00
      3.20       21.00    6         8.00     39.06    19999.05          -18.41      42.05   1086.09   27504.63   9366.87      3867 2025-12-31 00:29:00+00:00
      3.20       18.00    7         8.00     39.06    23542.12          -21.73      41.44   1083.61   29053.53   9895.52      3511 2025-12-31 00:29:00+00:00
      2.80       17.00    6         8.00     36.13    13728.69          -12.90      42.55   1063.96   24091.13   9725.95      4031 2025-12-31 04:26:00+00:00
      3.40       19.00    6         8.00     33.26    13546.08          -12.96      35.34   1045.33   24053.97   7573.89      3137 2025-12-31 00:29:00+00:00
      3.20       22.00    5         8.00     34.10    11778.66          -11.65      35.04   1011.28   22896.70   7889.95      3891 2025-12-31 00:29:00+00:00
      3.00       17.00    7         8.00     39.34    12652.31          -12.62      41.65   1002.44   23483.81   8721.30      3094 2025-12-31 00:29:00+00:00
      3.20       17.00    6         8.00     31.62     9404.02           -9.62      35.52    977.62   21117.82   7069.28      2942 2025-12-31 00:29:00+00:00
      3.60       18.00    6         8.00     29.76     9143.70           -9.36      35.16    976.78   20903.15   6092.77      2526 2025-12-31 00:29:00+00:00
      2.80       22.00    5         8.00     38.97    11689.15          -12.03      40.88    971.95   22764.20   9424.60      4656 2025-12-31 04:26:00+00:00
      3.40       17.00    6         8.00     29.76     9038.53           -9.33      35.34    968.75   20815.14   6459.96      2683 2025-12-31 00:29:00+00:00
      3.20       19.00    6         8.00     35.34    10776.54          -11.79      35.52    914.30   22181.90   7599.58      3136 2025-12-31 00:29:00+00:00
      4.00       22.00    6         8.00     32.73     8060.94           -8.93      34.80    902.20   19958.25   5139.09      2114 2025-12-31 00:29:00+00:00
      3.40       18.00    6         8.00     31.51     8499.49           -9.82      35.34    865.88   20351.68   6424.52      2667 2025-12-31 00:29:00+00:00
      3.00       20.00    6         8.00     39.68    11579.10          -13.42      42.30    862.80   22758.07   8559.53      3519 2025-12-31 00:29:00+00:00
      3.60       19.00    7         8.00     36.64    15652.82          -18.37      41.02    852.25   25294.67   7521.19      2658 2025-12-31 00:29:00+00:00
      3.80       22.00    5         8.00     28.71     7530.10           -8.95      29.15    841.51   19460.20   5245.30      2605 2025-12-31 00:29:00+00:00
      3.20       20.00    5         8.00     31.00     8451.22          -10.06      35.04    840.42   20309.13   6826.37      3397 2025-12-31 00:29:00+00:00
      3.80       17.00    8         8.00     35.50    10741.72          -12.82      37.92    837.81   22156.18   6101.26      1894 2025-12-31 00:29:00+00:00
      4.00       18.00    7         8.00     31.24     9200.74          -11.19      33.04    822.28   20950.57   5404.64      1908 2025-12-31 00:29:00+00:00
      3.80       21.00    5         8.00     27.41     8496.91          -10.48      29.15    810.47   20349.42   5511.88      2730 2025-12-31 00:29:00+00:00
      2.60       19.00    5         8.00     36.24    12074.16          -15.05      41.16    802.41   23027.21  10635.29      5256 2025-12-31 04:26:00+00:00

Top50 按年化收益率降序:
 grid_step  grid_width  qty  grid_center  近似杠杆  年化收益率  最大回撤百分比  压力回撤%  卡玛比率  total_pnl  总手续费  交易次数              回测起始时间
      3.20       18.00    7         8.00     39.06    23542.12          -21.73      41.44   1083.61   29053.53   9895.52      3511 2025-12-31 00:29:00+00:00
      3.40       22.00    6         8.00     38.51    22920.68          -12.60      41.80   1818.79   28795.10   9105.64      3757 2025-12-31 00:29:00+00:00
      3.60       20.00    7         8.00     38.57    22881.71          -13.65      41.02   1675.99   28778.72   8356.98      2964 2025-12-31 00:29:00+00:00
      3.80       21.00    7         8.00     38.37    22201.02          -11.75      40.81   1888.93   28489.18   7716.64      2730 2025-12-31 00:29:00+00:00
      3.80       19.00    8         8.00     39.68    21893.37          -13.35      46.64   1640.49   28356.15   7741.13      2399 2025-12-31 00:29:00+00:00
      3.40       19.00    7         8.00     38.80    21226.67          -13.59      41.23   1561.58   28062.97   8836.20      3137 2025-12-31 00:29:00+00:00
      3.60       18.00    8         8.00     39.68    20798.12          -10.79      46.88   1927.83   27870.87   8123.69      2526 2025-12-31 00:29:00+00:00
      3.40       17.00    8         8.00     39.68    20539.52          -11.17      47.12   1838.34   27753.51   8613.29      2683 2025-12-31 00:29:00+00:00
      3.20       21.00    6         8.00     39.06    19999.05          -18.41      42.05   1086.09   27504.63   9366.87      3867 2025-12-31 00:29:00+00:00
      3.60       22.00    6         8.00     36.37    19092.76           -9.31      41.54   2050.67   27075.78   7868.58      3241 2025-12-31 00:29:00+00:00
      3.40       21.00    6         8.00     36.76    18648.83           -9.97      41.80   1870.90   26860.14   8400.72      3462 2025-12-31 00:29:00+00:00
      3.80       20.00    7         8.00     36.54    16151.09           -9.96      40.81   1621.44   25569.69   6863.41      2443 2025-12-31 00:29:00+00:00
      2.80       21.00    5         8.00     37.20    15950.35          -10.11      40.88   1578.41   25378.56  10307.74      5101 2025-12-31 04:26:00+00:00
      3.60       19.00    7         8.00     36.64    15652.82          -18.37      41.02    852.25   25294.67   7521.19      2658 2025-12-31 00:29:00+00:00
      3.80       17.00    9         8.00     39.94    15002.47          -13.64      42.66   1099.59   24925.70   6863.92      1894 2025-12-31 00:29:00+00:00
      3.20       18.00    6         8.00     33.48    14963.17          -20.18      35.52    741.42   24903.03   8481.87      3511 2025-12-31 00:29:00+00:00
      3.80       19.00    7         8.00     34.72    14805.55          -12.81      40.81   1155.38   24811.63   6773.49      2399 2025-12-31 00:29:00+00:00
      3.60       20.00    6         8.00     33.06    14559.45          -13.02      35.16   1118.62   24667.47   7163.13      2964 2025-12-31 00:29:00+00:00
      3.20       17.00    7         8.00     36.89    14508.61          -10.13      41.44   1431.94   24637.46   8247.49      2942 2025-12-31 00:29:00+00:00
      3.80       21.00    6         8.00     32.89    14142.96          -11.19      34.98   1264.03   24419.30   6614.26      2730 2025-12-31 00:29:00+00:00
      3.60       18.00    7         8.00     34.72    14089.42          -10.13      41.02   1391.32   24387.01   7108.23      2526 2025-12-31 00:29:00+00:00
      3.20       20.00    6         8.00     37.20    14062.86          -10.71      42.05   1312.51   24370.95   8191.65      3397 2025-12-31 00:29:00+00:00
      3.40       17.00    7         8.00     34.72    13920.19          -10.30      41.23   1351.35   24284.32   7536.63      2683 2025-12-31 00:29:00+00:00
      2.60       17.00    6         8.00     38.91    13737.66          -12.37      42.80   1110.86   24096.64  10833.98      4491 2025-12-31 04:26:00+00:00
      2.80       17.00    6         8.00     36.13    13728.69          -12.90      42.55   1063.96   24091.13   9725.95      4031 2025-12-31 04:26:00+00:00
      4.00       20.00    8         8.00     39.68    13586.52          -18.36      46.40    740.20   24079.10   6211.78      1914 2025-12-31 00:29:00+00:00
      3.40       19.00    6         8.00     33.26    13546.08          -12.96      35.34   1045.33   24053.97   7573.89      3137 2025-12-31 00:29:00+00:00
      3.40       22.00    5         8.00     32.09    13452.98          -11.53      34.83   1166.95   23995.91   7588.04      3757 2025-12-31 00:29:00+00:00
      4.00       18.00    8         8.00     35.71    13369.36          -12.19      37.76   1096.48   23943.51   6176.73      1908 2025-12-31 00:29:00+00:00
      3.40       20.00    6         8.00     35.01    13115.90          -10.68      35.34   1227.56   23783.16   7403.28      3063 2025-12-31 00:29:00+00:00
      3.40       18.00    7         8.00     36.76    13053.97          -10.83      41.23   1205.02   23743.63   7495.27      2667 2025-12-31 00:29:00+00:00
      3.00       17.00    7         8.00     39.34    12652.31          -12.62      41.65   1002.44   23483.81   8721.30      3094 2025-12-31 00:29:00+00:00
      2.80       20.00    5         8.00     35.42    12652.26          -18.93      40.88    668.27   23410.65   9498.30      4703 2025-12-31 04:26:00+00:00
      3.80       22.00    6         8.00     34.46    12452.48           -9.55      34.98   1303.42   23352.25   6294.35      2605 2025-12-31 00:29:00+00:00
      4.00       17.00    9         8.00     37.94    12412.87          -17.99      42.48    690.02   23325.98   6004.66      1655 2025-12-31 00:29:00+00:00
      4.00       22.00    7         8.00     38.19    12350.69           -9.85      40.60   1253.51   23284.63   5995.60      2114 2025-12-31 00:29:00+00:00
      3.60       17.00    8         8.00     37.47    12228.45          -18.66      38.08    655.30   23202.87   6867.93      2125 2025-12-31 00:29:00+00:00
      2.60       19.00    5         8.00     36.24    12074.16          -15.05      41.16    802.41   23027.21  10635.29      5256 2025-12-31 04:26:00+00:00
      2.80       18.00    6         8.00     38.26    11849.77          -20.52      42.55    577.35   22874.70   9313.08      3859 2025-12-31 04:26:00+00:00
      3.20       21.00    5         8.00     32.55    11813.21          -16.80      35.04    702.98   22920.53   7805.72      3867 2025-12-31 00:29:00+00:00
      3.20       22.00    5         8.00     34.10    11778.66          -11.65      35.04   1011.28   22896.70   7889.95      3891 2025-12-31 00:29:00+00:00
      2.80       22.00    5         8.00     38.97    11689.15          -12.03      40.88    971.95   22764.20   9424.60      4656 2025-12-31 04:26:00+00:00
      3.60       21.00    6         8.00     34.72    11619.32          -15.37      35.16    756.07   22786.15   6805.79      2800 2025-12-31 00:29:00+00:00
      3.00       20.00    6         8.00     39.68    11579.10          -13.42      42.30    862.80   22758.07   8559.53      3519 2025-12-31 00:29:00+00:00
      3.60       22.00    5         8.00     30.31    11302.78           -8.49      34.62   1331.39   22563.15   6557.15      3241 2025-12-31 00:29:00+00:00
      3.40       21.00    5         8.00     30.63    11052.42           -9.39      34.83   1177.00   22383.45   7000.60      3462 2025-12-31 00:29:00+00:00
      3.20       19.00    6         8.00     35.34    10776.54          -11.79      35.52    914.30   22181.90   7599.58      3136 2025-12-31 00:29:00+00:00
      3.80       17.00    8         8.00     35.50    10741.72          -12.82      37.92    837.81   22156.18   6101.26      1894 2025-12-31 00:29:00+00:00
      2.80       19.00    5         8.00     33.65    10638.61          -13.42      35.46    792.75   22012.11   9098.19      4498 2025-12-31 04:26:00+00:00
      3.80       20.00    6         8.00     31.32    10421.64           -9.46      34.98   1101.36   21916.88   5882.92      2443 2025-12-31 00:29:00+00:00

Top50 按 total_pnl 降序:
 grid_step  grid_width  qty  grid_center  近似杠杆  年化收益率  最大回撤百分比  压力回撤%  卡玛比率  total_pnl  总手续费  交易次数              回测起始时间
      3.20       18.00    7         8.00     39.06    23542.12          -21.73      41.44   1083.61   29053.53   9895.52      3511 2025-12-31 00:29:00+00:00
      3.40       22.00    6         8.00     38.51    22920.68          -12.60      41.80   1818.79   28795.10   9105.64      3757 2025-12-31 00:29:00+00:00
      3.60       20.00    7         8.00     38.57    22881.71          -13.65      41.02   1675.99   28778.72   8356.98      2964 2025-12-31 00:29:00+00:00
      3.80       21.00    7         8.00     38.37    22201.02          -11.75      40.81   1888.93   28489.18   7716.64      2730 2025-12-31 00:29:00+00:00
      3.80       19.00    8         8.00     39.68    21893.37          -13.35      46.64   1640.49   28356.15   7741.13      2399 2025-12-31 00:29:00+00:00
      3.40       19.00    7         8.00     38.80    21226.67          -13.59      41.23   1561.58   28062.97   8836.20      3137 2025-12-31 00:29:00+00:00
      3.60       18.00    8         8.00     39.68    20798.12          -10.79      46.88   1927.83   27870.87   8123.69      2526 2025-12-31 00:29:00+00:00
      3.40       17.00    8         8.00     39.68    20539.52          -11.17      47.12   1838.34   27753.51   8613.29      2683 2025-12-31 00:29:00+00:00
      3.20       21.00    6         8.00     39.06    19999.05          -18.41      42.05   1086.09   27504.63   9366.87      3867 2025-12-31 00:29:00+00:00
      3.60       22.00    6         8.00     36.37    19092.76           -9.31      41.54   2050.67   27075.78   7868.58      3241 2025-12-31 00:29:00+00:00
      3.40       21.00    6         8.00     36.76    18648.83           -9.97      41.80   1870.90   26860.14   8400.72      3462 2025-12-31 00:29:00+00:00
      3.80       20.00    7         8.00     36.54    16151.09           -9.96      40.81   1621.44   25569.69   6863.41      2443 2025-12-31 00:29:00+00:00
      2.80       21.00    5         8.00     37.20    15950.35          -10.11      40.88   1578.41   25378.56  10307.74      5101 2025-12-31 04:26:00+00:00
      3.60       19.00    7         8.00     36.64    15652.82          -18.37      41.02    852.25   25294.67   7521.19      2658 2025-12-31 00:29:00+00:00
      3.80       17.00    9         8.00     39.94    15002.47          -13.64      42.66   1099.59   24925.70   6863.92      1894 2025-12-31 00:29:00+00:00
      3.20       18.00    6         8.00     33.48    14963.17          -20.18      35.52    741.42   24903.03   8481.87      3511 2025-12-31 00:29:00+00:00
      3.80       19.00    7         8.00     34.72    14805.55          -12.81      40.81   1155.38   24811.63   6773.49      2399 2025-12-31 00:29:00+00:00
      3.60       20.00    6         8.00     33.06    14559.45          -13.02      35.16   1118.62   24667.47   7163.13      2964 2025-12-31 00:29:00+00:00
      3.20       17.00    7         8.00     36.89    14508.61          -10.13      41.44   1431.94   24637.46   8247.49      2942 2025-12-31 00:29:00+00:00
      3.80       21.00    6         8.00     32.89    14142.96          -11.19      34.98   1264.03   24419.30   6614.26      2730 2025-12-31 00:29:00+00:00
      3.60       18.00    7         8.00     34.72    14089.42          -10.13      41.02   1391.32   24387.01   7108.23      2526 2025-12-31 00:29:00+00:00
      3.20       20.00    6         8.00     37.20    14062.86          -10.71      42.05   1312.51   24370.95   8191.65      3397 2025-12-31 00:29:00+00:00
      3.40       17.00    7         8.00     34.72    13920.19          -10.30      41.23   1351.35   24284.32   7536.63      2683 2025-12-31 00:29:00+00:00
      2.60       17.00    6         8.00     38.91    13737.66          -12.37      42.80   1110.86   24096.64  10833.98      4491 2025-12-31 04:26:00+00:00
      2.80       17.00    6         8.00     36.13    13728.69          -12.90      42.55   1063.96   24091.13   9725.95      4031 2025-12-31 04:26:00+00:00
      4.00       20.00    8         8.00     39.68    13586.52          -18.36      46.40    740.20   24079.10   6211.78      1914 2025-12-31 00:29:00+00:00
      3.40       19.00    6         8.00     33.26    13546.08          -12.96      35.34   1045.33   24053.97   7573.89      3137 2025-12-31 00:29:00+00:00
      3.40       22.00    5         8.00     32.09    13452.98          -11.53      34.83   1166.95   23995.91   7588.04      3757 2025-12-31 00:29:00+00:00
      4.00       18.00    8         8.00     35.71    13369.36          -12.19      37.76   1096.48   23943.51   6176.73      1908 2025-12-31 00:29:00+00:00
      3.40       20.00    6         8.00     35.01    13115.90          -10.68      35.34   1227.56   23783.16   7403.28      3063 2025-12-31 00:29:00+00:00
      3.40       18.00    7         8.00     36.76    13053.97          -10.83      41.23   1205.02   23743.63   7495.27      2667 2025-12-31 00:29:00+00:00
      3.00       17.00    7         8.00     39.34    12652.31          -12.62      41.65   1002.44   23483.81   8721.30      3094 2025-12-31 00:29:00+00:00
      2.80       20.00    5         8.00     35.42    12652.26          -18.93      40.88    668.27   23410.65   9498.30      4703 2025-12-31 04:26:00+00:00
      3.80       22.00    6         8.00     34.46    12452.48           -9.55      34.98   1303.42   23352.25   6294.35      2605 2025-12-31 00:29:00+00:00
      4.00       17.00    9         8.00     37.94    12412.87          -17.99      42.48    690.02   23325.98   6004.66      1655 2025-12-31 00:29:00+00:00
      4.00       22.00    7         8.00     38.19    12350.69           -9.85      40.60   1253.51   23284.63   5995.60      2114 2025-12-31 00:29:00+00:00
      3.60       17.00    8         8.00     37.47    12228.45          -18.66      38.08    655.30   23202.87   6867.93      2125 2025-12-31 00:29:00+00:00
      2.60       19.00    5         8.00     36.24    12074.16          -15.05      41.16    802.41   23027.21  10635.29      5256 2025-12-31 04:26:00+00:00
      3.20       21.00    5         8.00     32.55    11813.21          -16.80      35.04    702.98   22920.53   7805.72      3867 2025-12-31 00:29:00+00:00
      3.20       22.00    5         8.00     34.10    11778.66          -11.65      35.04   1011.28   22896.70   7889.95      3891 2025-12-31 00:29:00+00:00
      2.80       18.00    6         8.00     38.26    11849.77          -20.52      42.55    577.35   22874.70   9313.08      3859 2025-12-31 04:26:00+00:00
      3.60       21.00    6         8.00     34.72    11619.32          -15.37      35.16    756.07   22786.15   6805.79      2800 2025-12-31 00:29:00+00:00
      2.80       22.00    5         8.00     38.97    11689.15          -12.03      40.88    971.95   22764.20   9424.60      4656 2025-12-31 04:26:00+00:00
      3.00       20.00    6         8.00     39.68    11579.10          -13.42      42.30    862.80   22758.07   8559.53      3519 2025-12-31 00:29:00+00:00
      3.60       22.00    5         8.00     30.31    11302.78           -8.49      34.62   1331.39   22563.15   6557.15      3241 2025-12-31 00:29:00+00:00
      3.40       21.00    5         8.00     30.63    11052.42           -9.39      34.83   1177.00   22383.45   7000.60      3462 2025-12-31 00:29:00+00:00
      3.20       19.00    6         8.00     35.34    10776.54          -11.79      35.52    914.30   22181.90   7599.58      3136 2025-12-31 00:29:00+00:00
      3.80       17.00    8         8.00     35.50    10741.72          -12.82      37.92    837.81   22156.18   6101.26      1894 2025-12-31 00:29:00+00:00
      2.80       19.00    5         8.00     33.65    10638.61          -13.42      35.46    792.75   22012.11   9098.19      4498 2025-12-31 04:26:00+00:00
      3.80       20.00    6         8.00     31.32    10421.64           -9.46      34.98   1101.36   21916.88   5882.92      2443 2025-12-31 00:29:00+00:00

Top50 按 年化收益率/总手续费 降序（筛选 total_pnl > 0）:
 grid_step  grid_width  qty  grid_center  近似杠杆  年化收益率  最大回撤百分比  压力回撤%  卡玛比率  total_pnl  总手续费  交易次数              回测起始时间
      3.80       21.00    7         8.00     38.37    22201.02          -11.75      40.81   1888.93   28489.18   7716.64      2730 2025-12-31 00:29:00+00:00
      3.80       19.00    8         8.00     39.68    21893.37          -13.35      46.64   1640.49   28356.15   7741.13      2399 2025-12-31 00:29:00+00:00
      3.60       20.00    7         8.00     38.57    22881.71          -13.65      41.02   1675.99   28778.72   8356.98      2964 2025-12-31 00:29:00+00:00
      3.60       18.00    8         8.00     39.68    20798.12          -10.79      46.88   1927.83   27870.87   8123.69      2526 2025-12-31 00:29:00+00:00
      3.40       22.00    6         8.00     38.51    22920.68          -12.60      41.80   1818.79   28795.10   9105.64      3757 2025-12-31 00:29:00+00:00
      3.60       22.00    6         8.00     36.37    19092.76           -9.31      41.54   2050.67   27075.78   7868.58      3241 2025-12-31 00:29:00+00:00
      3.40       19.00    7         8.00     38.80    21226.67          -13.59      41.23   1561.58   28062.97   8836.20      3137 2025-12-31 00:29:00+00:00
      3.40       17.00    8         8.00     39.68    20539.52          -11.17      47.12   1838.34   27753.51   8613.29      2683 2025-12-31 00:29:00+00:00
      3.20       18.00    7         8.00     39.06    23542.12          -21.73      41.44   1083.61   29053.53   9895.52      3511 2025-12-31 00:29:00+00:00
      3.80       20.00    7         8.00     36.54    16151.09           -9.96      40.81   1621.44   25569.69   6863.41      2443 2025-12-31 00:29:00+00:00
      3.40       21.00    6         8.00     36.76    18648.83           -9.97      41.80   1870.90   26860.14   8400.72      3462 2025-12-31 00:29:00+00:00
      4.00       20.00    8         8.00     39.68    13586.52          -18.36      46.40    740.20   24079.10   6211.78      1914 2025-12-31 00:29:00+00:00
      3.80       19.00    7         8.00     34.72    14805.55          -12.81      40.81   1155.38   24811.63   6773.49      2399 2025-12-31 00:29:00+00:00
      3.80       17.00    9         8.00     39.94    15002.47          -13.64      42.66   1099.59   24925.70   6863.92      1894 2025-12-31 00:29:00+00:00
      4.00       18.00    8         8.00     35.71    13369.36          -12.19      37.76   1096.48   23943.51   6176.73      1908 2025-12-31 00:29:00+00:00
      3.80       21.00    6         8.00     32.89    14142.96          -11.19      34.98   1264.03   24419.30   6614.26      2730 2025-12-31 00:29:00+00:00
      3.20       21.00    6         8.00     39.06    19999.05          -18.41      42.05   1086.09   27504.63   9366.87      3867 2025-12-31 00:29:00+00:00
      3.60       19.00    7         8.00     36.64    15652.82          -18.37      41.02    852.25   25294.67   7521.19      2658 2025-12-31 00:29:00+00:00
      4.00       17.00    9         8.00     37.94    12412.87          -17.99      42.48    690.02   23325.98   6004.66      1655 2025-12-31 00:29:00+00:00
      4.00       22.00    7         8.00     38.19    12350.69           -9.85      40.60   1253.51   23284.63   5995.60      2114 2025-12-31 00:29:00+00:00
      3.60       20.00    6         8.00     33.06    14559.45          -13.02      35.16   1118.62   24667.47   7163.13      2964 2025-12-31 00:29:00+00:00
      3.60       18.00    7         8.00     34.72    14089.42          -10.13      41.02   1391.32   24387.01   7108.23      2526 2025-12-31 00:29:00+00:00
      3.80       22.00    6         8.00     34.46    12452.48           -9.55      34.98   1303.42   23352.25   6294.35      2605 2025-12-31 00:29:00+00:00
      3.40       17.00    7         8.00     34.72    13920.19          -10.30      41.23   1351.35   24284.32   7536.63      2683 2025-12-31 00:29:00+00:00
      3.40       19.00    6         8.00     33.26    13546.08          -12.96      35.34   1045.33   24053.97   7573.89      3137 2025-12-31 00:29:00+00:00
      3.60       17.00    8         8.00     37.47    12228.45          -18.66      38.08    655.30   23202.87   6867.93      2125 2025-12-31 00:29:00+00:00
      4.00       21.00    7         8.00     36.45     9885.07          -19.25      40.60    513.50   21503.17   5570.03      1958 2025-12-31 00:29:00+00:00
      3.40       22.00    5         8.00     32.09    13452.98          -11.53      34.83   1166.95   23995.91   7588.04      3757 2025-12-31 00:29:00+00:00
      3.40       20.00    6         8.00     35.01    13115.90          -10.68      35.34   1227.56   23783.16   7403.28      3063 2025-12-31 00:29:00+00:00
      3.80       20.00    6         8.00     31.32    10421.64           -9.46      34.98   1101.36   21916.88   5882.92      2443 2025-12-31 00:29:00+00:00
      3.20       18.00    6         8.00     33.48    14963.17          -20.18      35.52    741.42   24903.03   8481.87      3511 2025-12-31 00:29:00+00:00
      3.80       17.00    8         8.00     35.50    10741.72          -12.82      37.92    837.81   22156.18   6101.26      1894 2025-12-31 00:29:00+00:00
      3.20       17.00    7         8.00     36.89    14508.61          -10.13      41.44   1431.94   24637.46   8247.49      2942 2025-12-31 00:29:00+00:00
      3.40       18.00    7         8.00     36.76    13053.97          -10.83      41.23   1205.02   23743.63   7495.27      2667 2025-12-31 00:29:00+00:00
      4.00       19.00    8         8.00     37.69     9589.77          -20.73      37.76    462.52   21268.31   5520.41      1706 2025-12-31 00:29:00+00:00
      3.60       22.00    5         8.00     30.31    11302.78           -8.49      34.62   1331.39   22563.15   6557.15      3241 2025-12-31 00:29:00+00:00
      4.00       20.00    7         8.00     34.72     9344.60          -16.66      40.60    560.87   21069.21   5435.31      1914 2025-12-31 00:29:00+00:00
      3.20       20.00    6         8.00     37.20    14062.86          -10.71      42.05   1312.51   24370.95   8191.65      3397 2025-12-31 00:29:00+00:00
      3.60       21.00    6         8.00     34.72    11619.32          -15.37      35.16    756.07   22786.15   6805.79      2800 2025-12-31 00:29:00+00:00
      4.00       18.00    7         8.00     31.24     9200.74          -11.19      33.04    822.28   20950.57   5404.64      1908 2025-12-31 00:29:00+00:00
      3.80       18.00    8         8.00     37.59    10147.48          -21.81      37.92    465.18   21707.52   6031.28      1874 2025-12-31 00:29:00+00:00
      4.00       17.00    8         8.00     33.72     8942.62          -16.64      37.76    537.55   20734.21   5337.47      1655 2025-12-31 00:29:00+00:00
      3.80       19.00    6         8.00     29.76     9588.27          -12.17      34.98    787.95   21267.11   5805.85      2399 2025-12-31 00:29:00+00:00
      3.40       21.00    5         8.00     30.63    11052.42           -9.39      34.83   1177.00   22383.45   7000.60      3462 2025-12-31 00:29:00+00:00
      3.60       19.00    6         8.00     31.41    10113.32          -16.59      35.16    609.44   21681.15   6446.73      2658 2025-12-31 00:29:00+00:00
      4.00       22.00    6         8.00     32.73     8060.94           -8.93      34.80    902.20   19958.25   5139.09      2114 2025-12-31 00:29:00+00:00
      2.80       21.00    5         8.00     37.20    15950.35          -10.11      40.88   1578.41   25378.56  10307.74      5101 2025-12-31 04:26:00+00:00
      3.80       21.00    5         8.00     27.41     8496.91          -10.48      29.15    810.47   20349.42   5511.88      2730 2025-12-31 00:29:00+00:00
      3.20       21.00    5         8.00     32.55    11813.21          -16.80      35.04    702.98   22920.53   7805.72      3867 2025-12-31 00:29:00+00:00
      3.60       18.00    6         8.00     29.76     9143.70           -9.36      35.16    976.78   20903.15   6092.77      2526 2025-12-31 00:29:00+00:00
