# 网格搜索报告: XBR-XTI
# 运行时间: 2026-04-11 23:42:06
# 数据: XBRUSDT_1m.csv + XTIUSDT_1m.csv
# 指定 grid_center: 2.0
# stress_spread = -20.0
# 价差统计: 均值=5.1082, 标准差=3.6049, 极差=29.8200
# 搜索轮数: 1
# 回测起始点: 自动找 center 附近

========================================
第 1 轮 粗搜索
参数范围: step=[0.4-0.9], width=[3.0-5.0], qty=[30-54]
组合数: 3003
有效结果数: 1668
========================================

Top10 按卡玛比率:
 grid_step  grid_width  qty  grid_center  近似杠杆  total_pnl  年化收益率  总手续费  最大回撤百分比  压力回撤%  卡玛比率  交易次数              回测起始时间
      0.60        3.40   48         2.00      4.45    7897.46     1927.27    226.54          -13.02      48.48    147.99       628 2026-01-27 09:35:00+00:00
      0.60        3.40   46         2.00      4.26    7568.40     1741.81    217.10          -12.62      46.46    138.04       628 2026-01-27 09:35:00+00:00
      0.60        3.40   44         2.00      4.08    7239.33     1570.29    207.67          -12.20      44.44    128.66       628 2026-01-27 09:35:00+00:00
      0.60        3.40   42         2.00      3.89    6910.27     1411.89    198.23          -11.78      42.42    119.84       628 2026-01-27 09:35:00+00:00
      0.60        3.40   40         2.00      3.71    6581.21     1265.84    188.79          -11.35      40.40    111.54       628 2026-01-27 09:35:00+00:00
      0.60        3.40   38         2.00      3.52    6252.15     1131.38    179.35          -10.95      38.38    103.31       628 2026-01-27 09:35:00+00:00
      0.60        3.40   36         2.00      3.33    5923.09     1007.81    169.91          -10.60      36.36     95.12       628 2026-01-27 09:35:00+00:00
      0.60        4.60   36         2.00      4.51    6451.39     1211.45    181.61          -13.39      49.39     90.50       678 2026-01-27 09:35:00+00:00
      0.80        4.40   50         2.00      4.50    7431.19     1668.65    151.81          -19.02      49.00     87.71       407 2026-01-27 09:35:00+00:00
      0.60        3.40   34         2.00      3.15    5594.03      894.44    160.47          -10.22      34.34     87.48       628 2026-01-27 09:35:00+00:00

========================================
最终结果（所有轮次合并去重）
========================================

Top50 按卡玛比率降序:
 grid_step  grid_width  qty  grid_center  近似杠杆  年化收益率  最大回撤百分比  压力回撤%  卡玛比率  total_pnl  总手续费  交易次数              回测起始时间
      0.60        3.40   48         2.00      4.45     1927.27          -13.02      48.48    147.99    7897.46    226.54       628 2026-01-27 09:35:00+00:00
      0.60        3.40   46         2.00      4.26     1741.81          -12.62      46.46    138.04    7568.40    217.10       628 2026-01-27 09:35:00+00:00
      0.60        3.40   44         2.00      4.08     1570.29          -12.20      44.44    128.66    7239.33    207.67       628 2026-01-27 09:35:00+00:00
      0.60        3.40   42         2.00      3.89     1411.89          -11.78      42.42    119.84    6910.27    198.23       628 2026-01-27 09:35:00+00:00
      0.60        3.40   40         2.00      3.71     1265.84          -11.35      40.40    111.54    6581.21    188.79       628 2026-01-27 09:35:00+00:00
      0.60        3.40   38         2.00      3.52     1131.38          -10.95      38.38    103.31    6252.15    179.35       628 2026-01-27 09:35:00+00:00
      0.60        3.40   36         2.00      3.33     1007.81          -10.60      36.36     95.12    5923.09    169.91       628 2026-01-27 09:35:00+00:00
      0.60        4.60   36         2.00      4.51     1211.45          -13.39      49.39     90.50    6451.39    181.61       678 2026-01-27 09:35:00+00:00
      0.80        4.40   50         2.00      4.50     1668.65          -19.02      49.00     87.71    7431.19    151.81       407 2026-01-27 09:35:00+00:00
      0.60        3.40   34         2.00      3.15      894.44          -10.22      34.34     87.48    5594.03    160.47       628 2026-01-27 09:35:00+00:00
      0.60        4.00   40         2.00      4.36     1096.44          -12.73      47.76     86.14    6161.90    176.50       590 2026-01-27 09:35:00+00:00
      0.60        4.60   34         2.00      4.26     1070.29          -12.92      46.65     82.85    6092.98    171.52       678 2026-01-27 09:35:00+00:00
      0.55        3.30   48         2.00      4.71     1599.94          -19.40      48.84     82.48    7298.11    231.65       637 2026-01-27 09:35:00+00:00
      0.80        4.40   48         2.00      4.32     1518.17          -18.56      47.04     81.81    7133.94    145.74       407 2026-01-27 09:35:00+00:00
      0.55        3.60   40         2.00      4.28     1240.42          -15.21      48.18     81.56    6521.07    207.33       683 2026-01-27 09:35:00+00:00
      0.55        3.20   48         2.00      4.56     1495.62          -18.59      48.84     80.44    7087.49    227.71       628 2026-01-27 09:35:00+00:00
      0.60        4.00   38         2.00      4.14      983.12          -12.23      45.37     80.37    5853.81    167.67       590 2026-01-27 09:35:00+00:00
      0.60        3.40   32         2.00      2.96      790.62           -9.84      32.32     80.37    5264.97    151.03       628 2026-01-27 09:35:00+00:00
      0.55        4.30   36         2.00      4.60     1314.83          -16.53      49.90     79.53    6694.63    208.37       771 2026-01-27 09:35:00+00:00
      0.40        3.50   30         2.00      4.29     1372.52          -17.27      48.48     79.48    6824.19    299.61      1317 2026-01-27 09:35:00+00:00
      0.55        3.30   46         2.00      4.51     1451.00          -18.78      46.80     77.27    6994.02    222.00       637 2026-01-27 09:35:00+00:00
      0.80        3.60   54         2.00      3.97     1249.21          -16.25      43.20     76.89    6541.98    135.66       337 2026-01-27 09:35:00+00:00
      0.90        5.00   50         2.00      4.54     1438.39          -18.78      48.25     76.59    6975.50    124.00       333 2026-01-27 08:01:00+00:00
      0.70        3.80   50         2.00      4.44     1459.34          -19.10      49.75     76.41    7011.64    169.86       448 2026-01-27 09:35:00+00:00
      0.80        4.40   46         2.00      4.14     1378.19          -18.08      45.08     76.24    6836.69    139.67       407 2026-01-27 09:35:00+00:00
      0.60        4.60   32         2.00      4.01      941.66          -12.43      43.90     75.75    5734.57    161.43       678 2026-01-27 09:35:00+00:00
      0.55        3.20   46         2.00      4.37     1358.09          -18.00      46.80     75.46    6792.18    218.22       628 2026-01-27 09:35:00+00:00
      0.55        3.60   38         2.00      4.07     1109.16          -14.74      45.77     75.26    6195.01    196.97       683 2026-01-27 09:35:00+00:00
      0.60        4.00   36         2.00      3.92      878.61          -11.73      42.98     74.93    5545.71    158.85       590 2026-01-27 09:35:00+00:00
      0.75        4.30   50         2.00      4.69      757.17          -10.23      49.38     74.04    5152.33    121.17       325 2026-01-27 09:35:00+00:00
      0.60        3.40   30         2.00      2.78      695.73           -9.43      30.30     73.76    4935.91    141.59       628 2026-01-27 09:35:00+00:00
      0.65        3.00   54         2.00      4.07     1545.66          -21.06      44.01     73.38    7189.87    183.29       451 2026-01-27 09:35:00+00:00
      0.55        4.30   34         2.00      4.35     1159.27          -15.82      47.12     73.28    6322.70    196.80       771 2026-01-27 09:35:00+00:00
      0.40        3.10   34         2.00      4.31     1219.99          -16.82      48.55     72.52    6472.06    293.26      1127 2026-01-27 09:35:00+00:00
      0.80        3.60   52         2.00      3.82     1150.11          -15.87      41.60     72.47    6299.69    130.63       337 2026-01-27 09:35:00+00:00
      0.55        3.30   44         2.00      4.32     1312.77          -18.15      44.77     72.34    6689.93    212.35       637 2026-01-27 09:35:00+00:00
      0.70        3.80   48         2.00      4.26     1330.92          -18.51      47.76     71.91    6731.18    163.06       448 2026-01-27 09:35:00+00:00
      0.90        5.00   48         2.00      4.36     1312.18          -18.32      46.32     71.64    6696.48    119.04       333 2026-01-27 08:01:00+00:00
      0.80        4.40   44         2.00      3.96     1248.14          -17.58      43.12     71.01    6539.44    133.60       407 2026-01-27 09:35:00+00:00
      0.55        3.20   44         2.00      4.18     1230.30          -17.39      44.77     70.76    6496.87    208.73       628 2026-01-27 09:35:00+00:00
      0.75        4.30   48         2.00      4.50      698.58           -9.95      47.40     70.22    4946.24    116.32       325 2026-01-27 09:35:00+00:00
      0.60        4.00   34         2.00      3.71      782.40          -11.21      40.60     69.81    5237.62    150.02       590 2026-01-27 09:35:00+00:00
      0.55        3.60   36         2.00      3.85      988.48          -14.25      43.36     69.38    5868.96    186.60       683 2026-01-27 09:35:00+00:00
      0.60        4.60   30         2.00      3.76      824.67          -11.92      41.16     69.18    5376.16    151.34       678 2026-01-27 09:35:00+00:00
      0.45        3.30   34         2.00      4.08     1141.77          -16.57      48.08     68.91    6278.59    255.87       982 2026-01-27 09:35:00+00:00
      0.65        3.00   52         2.00      3.92     1418.05          -20.60      42.38     68.83    6923.58    176.50       451 2026-01-27 09:35:00+00:00
      0.80        3.60   50         2.00      3.68     1056.97          -15.48      40.00     68.27    6057.39    125.61       337 2026-01-27 09:35:00+00:00
      0.70        3.60   50         2.00      4.20     1306.40          -19.24      49.75     67.89    6675.35    166.65       437 2026-01-27 09:35:00+00:00
      0.55        3.30   42         2.00      4.12     1184.66          -17.50      42.73     67.69    6385.85    202.69       637 2026-01-27 09:35:00+00:00
      0.70        3.80   46         2.00      4.08     1211.17          -17.91      45.77     67.64    6450.71    156.27       448 2026-01-27 09:35:00+00:00

Top50 按年化收益率降序:
 grid_step  grid_width  qty  grid_center  近似杠杆  年化收益率  最大回撤百分比  压力回撤%  卡玛比率  total_pnl  总手续费  交易次数              回测起始时间
      0.60        3.40   48         2.00      4.45     1927.27          -13.02      48.48    147.99    7897.46    226.54       628 2026-01-27 09:35:00+00:00
      0.65        3.40   48         2.00      4.10     1798.10          -27.82      48.12     64.63    7670.99    192.85       531 2026-01-27 09:35:00+00:00
      0.60        3.40   46         2.00      4.26     1741.81          -12.62      46.46    138.04    7568.40    217.10       628 2026-01-27 09:35:00+00:00
      0.80        4.40   50         2.00      4.50     1668.65          -19.02      49.00     87.71    7431.19    151.81       407 2026-01-27 09:35:00+00:00
      0.70        3.20   54         2.00      4.04     1636.63          -33.14      43.74     49.39    7369.70    163.84       403 2026-01-27 09:35:00+00:00
      0.45        3.40   34         2.00      4.20     1634.63          -29.86      48.08     54.74    7365.82    270.24      1060 2026-01-27 09:35:00+00:00
      0.65        3.40   46         2.00      3.93     1627.18          -27.13      46.12     59.98    7351.37    184.81       531 2026-01-27 09:35:00+00:00
      0.55        3.30   48         2.00      4.71     1599.94          -19.40      48.84     82.48    7298.11    231.65       637 2026-01-27 09:35:00+00:00
      0.60        3.40   44         2.00      4.08     1570.29          -12.20      44.44    128.66    7239.33    207.67       628 2026-01-27 09:35:00+00:00
      0.65        3.00   54         2.00      4.07     1545.66          -21.06      44.01     73.38    7189.87    183.29       451 2026-01-27 09:35:00+00:00
      0.80        4.40   48         2.00      4.32     1518.17          -18.56      47.04     81.81    7133.94    145.74       407 2026-01-27 09:35:00+00:00
      0.55        3.10   48         2.00      4.42     1517.21          -23.79      48.84     63.77    7131.99    216.81       593 2026-01-27 09:35:00+00:00
      0.70        3.20   52         2.00      3.89     1500.09          -32.37      42.12     46.35    7096.75    157.77       403 2026-01-27 09:35:00+00:00
      0.55        3.20   48         2.00      4.56     1495.62          -18.59      48.84     80.44    7087.49    227.71       628 2026-01-27 09:35:00+00:00
      0.70        4.10   50         2.00      4.79     1472.72          -29.58      49.75     49.79    7039.78    166.72       444 2026-01-27 09:35:00+00:00
      0.65        3.40   44         2.00      3.76     1468.89          -26.41      44.11     55.61    7031.74    176.78       531 2026-01-27 09:35:00+00:00
      0.70        3.80   50         2.00      4.44     1459.34          -19.10      49.75     76.41    7011.64    169.86       448 2026-01-27 09:35:00+00:00
      0.55        3.30   46         2.00      4.51     1451.00          -18.78      46.80     77.27    6994.02    222.00       637 2026-01-27 09:35:00+00:00
      0.90        5.00   50         2.00      4.54     1438.39          -18.78      48.25     76.59    6975.50    124.00       333 2026-01-27 08:01:00+00:00
      0.45        3.40   32         2.00      3.95     1422.21          -28.80      45.25     49.39    6932.54    254.34      1060 2026-01-27 09:35:00+00:00
      0.65        3.00   52         2.00      3.92     1418.05          -20.60      42.38     68.83    6923.58    176.50       451 2026-01-27 09:35:00+00:00
      0.60        3.30   48         2.00      4.32     1418.05          -29.07      48.48     48.79    6923.58    190.98       523 2026-01-27 09:35:00+00:00
      0.60        3.40   42         2.00      3.89     1411.89          -11.78      42.42    119.84    6910.27    198.23       628 2026-01-27 09:35:00+00:00
      0.60        3.90   40         2.00      4.25     1395.42          -28.04      47.76     49.77    6874.49    187.51       620 2026-01-27 09:35:00+00:00
      0.80        4.40   46         2.00      4.14     1378.19          -18.08      45.08     76.24    6836.69    139.67       407 2026-01-27 09:35:00+00:00
      0.55        3.10   46         2.00      4.24     1377.34          -23.19      46.80     59.39    6834.82    207.78       593 2026-01-27 09:35:00+00:00
      0.60        3.10   48         2.00      4.05     1375.04          -24.68      48.48     55.71    6829.76    188.32       524 2026-01-27 09:35:00+00:00
      0.85        4.00   54         2.00      4.15     1374.69          -33.81      42.93     40.65    6828.97    122.45       305 2026-01-27 09:35:00+00:00
      0.40        3.50   30         2.00      4.29     1372.52          -17.27      48.48     79.48    6824.19    299.61      1317 2026-01-27 09:35:00+00:00
      0.70        3.20   50         2.00      3.74     1372.34          -31.57      40.50     43.47    6823.79    151.71       403 2026-01-27 09:35:00+00:00
      0.65        4.20   42         2.00      4.44     1360.87          -25.41      49.71     53.56    6798.35    170.29       544 2026-01-27 09:35:00+00:00
      0.85        3.60   54         2.00      3.74     1359.08          -27.04      42.93     50.27    6794.38    127.34       317 2026-01-27 09:35:00+00:00
      0.55        3.20   46         2.00      4.37     1358.09          -18.00      46.80     75.46    6792.18    218.22       628 2026-01-27 09:35:00+00:00
      0.65        3.60   48         2.00      4.35     1357.97          -22.39      48.12     60.66    6791.91    182.49       506 2026-01-27 09:35:00+00:00
      0.80        4.80   50         2.00      4.90     1351.11          -26.35      49.00     51.27    6776.58    133.92       358 2026-01-27 09:35:00+00:00
      0.90        3.90   54         2.00      3.82     1347.56          -27.72      42.66     48.62    6776.65    117.53       290 2026-01-27 08:01:00+00:00
      0.45        3.60   30         2.00      3.92     1346.55          -30.60      47.94     44.00    6766.38    244.32      1081 2026-01-27 09:35:00+00:00
      0.70        4.10   48         2.00      4.60     1342.90          -28.86      47.76     46.54    6758.19    160.05       444 2026-01-27 09:35:00+00:00
      0.70        3.80   48         2.00      4.26     1330.92          -18.51      47.76     71.91    6731.18    163.06       448 2026-01-27 09:35:00+00:00
      0.85        4.70   50         2.00      4.52     1326.81          -31.46      48.62     42.18    6721.88    120.62       322 2026-01-27 09:35:00+00:00
      0.60        4.20   36         2.00      4.12     1324.62          -20.92      49.39     63.30    6716.91    187.89       699 2026-01-27 09:35:00+00:00
      0.65        3.40   42         2.00      3.59     1322.51          -25.67      42.10     51.52    6712.12    168.74       531 2026-01-27 09:35:00+00:00
      0.85        4.90   50         2.00      4.71     1322.08          -25.85      48.62     51.15    6711.15    126.35       340 2026-01-27 09:35:00+00:00
      0.55        4.30   36         2.00      4.60     1314.83          -16.53      49.90     79.53    6694.63    208.37       771 2026-01-27 09:35:00+00:00
      0.55        3.30   44         2.00      4.32     1312.77          -18.15      44.77     72.34    6689.93    212.35       637 2026-01-27 09:35:00+00:00
      0.90        5.00   48         2.00      4.36     1312.18          -18.32      46.32     71.64    6696.48    119.04       333 2026-01-27 08:01:00+00:00
      0.60        3.00   48         2.00      3.92     1310.98          -29.31      48.48     44.73    6685.82    183.94       509 2026-01-27 09:35:00+00:00
      0.70        3.60   50         2.00      4.20     1306.40          -19.24      49.75     67.89    6675.35    166.65       437 2026-01-27 09:35:00+00:00
      0.85        4.80   50         2.00      4.62     1303.57          -31.32      48.62     41.62    6668.84    123.66       328 2026-01-27 09:35:00+00:00
      0.65        3.80   48         2.00      4.59     1300.46          -45.72      48.12     28.45    6661.69    167.75       460 2026-01-27 09:35:00+00:00

Top50 按 total_pnl 降序:
 grid_step  grid_width  qty  grid_center  近似杠杆  年化收益率  最大回撤百分比  压力回撤%  卡玛比率  total_pnl  总手续费  交易次数              回测起始时间
      0.60        3.40   48         2.00      4.45     1927.27          -13.02      48.48    147.99    7897.46    226.54       628 2026-01-27 09:35:00+00:00
      0.65        3.40   48         2.00      4.10     1798.10          -27.82      48.12     64.63    7670.99    192.85       531 2026-01-27 09:35:00+00:00
      0.60        3.40   46         2.00      4.26     1741.81          -12.62      46.46    138.04    7568.40    217.10       628 2026-01-27 09:35:00+00:00
      0.80        4.40   50         2.00      4.50     1668.65          -19.02      49.00     87.71    7431.19    151.81       407 2026-01-27 09:35:00+00:00
      0.70        3.20   54         2.00      4.04     1636.63          -33.14      43.74     49.39    7369.70    163.84       403 2026-01-27 09:35:00+00:00
      0.45        3.40   34         2.00      4.20     1634.63          -29.86      48.08     54.74    7365.82    270.24      1060 2026-01-27 09:35:00+00:00
      0.65        3.40   46         2.00      3.93     1627.18          -27.13      46.12     59.98    7351.37    184.81       531 2026-01-27 09:35:00+00:00
      0.55        3.30   48         2.00      4.71     1599.94          -19.40      48.84     82.48    7298.11    231.65       637 2026-01-27 09:35:00+00:00
      0.60        3.40   44         2.00      4.08     1570.29          -12.20      44.44    128.66    7239.33    207.67       628 2026-01-27 09:35:00+00:00
      0.65        3.00   54         2.00      4.07     1545.66          -21.06      44.01     73.38    7189.87    183.29       451 2026-01-27 09:35:00+00:00
      0.80        4.40   48         2.00      4.32     1518.17          -18.56      47.04     81.81    7133.94    145.74       407 2026-01-27 09:35:00+00:00
      0.55        3.10   48         2.00      4.42     1517.21          -23.79      48.84     63.77    7131.99    216.81       593 2026-01-27 09:35:00+00:00
      0.70        3.20   52         2.00      3.89     1500.09          -32.37      42.12     46.35    7096.75    157.77       403 2026-01-27 09:35:00+00:00
      0.55        3.20   48         2.00      4.56     1495.62          -18.59      48.84     80.44    7087.49    227.71       628 2026-01-27 09:35:00+00:00
      0.70        4.10   50         2.00      4.79     1472.72          -29.58      49.75     49.79    7039.78    166.72       444 2026-01-27 09:35:00+00:00
      0.65        3.40   44         2.00      3.76     1468.89          -26.41      44.11     55.61    7031.74    176.78       531 2026-01-27 09:35:00+00:00
      0.70        3.80   50         2.00      4.44     1459.34          -19.10      49.75     76.41    7011.64    169.86       448 2026-01-27 09:35:00+00:00
      0.55        3.30   46         2.00      4.51     1451.00          -18.78      46.80     77.27    6994.02    222.00       637 2026-01-27 09:35:00+00:00
      0.90        5.00   50         2.00      4.54     1438.39          -18.78      48.25     76.59    6975.50    124.00       333 2026-01-27 08:01:00+00:00
      0.45        3.40   32         2.00      3.95     1422.21          -28.80      45.25     49.39    6932.54    254.34      1060 2026-01-27 09:35:00+00:00
      0.65        3.00   52         2.00      3.92     1418.05          -20.60      42.38     68.83    6923.58    176.50       451 2026-01-27 09:35:00+00:00
      0.60        3.30   48         2.00      4.32     1418.05          -29.07      48.48     48.79    6923.58    190.98       523 2026-01-27 09:35:00+00:00
      0.60        3.40   42         2.00      3.89     1411.89          -11.78      42.42    119.84    6910.27    198.23       628 2026-01-27 09:35:00+00:00
      0.60        3.90   40         2.00      4.25     1395.42          -28.04      47.76     49.77    6874.49    187.51       620 2026-01-27 09:35:00+00:00
      0.80        4.40   46         2.00      4.14     1378.19          -18.08      45.08     76.24    6836.69    139.67       407 2026-01-27 09:35:00+00:00
      0.55        3.10   46         2.00      4.24     1377.34          -23.19      46.80     59.39    6834.82    207.78       593 2026-01-27 09:35:00+00:00
      0.60        3.10   48         2.00      4.05     1375.04          -24.68      48.48     55.71    6829.76    188.32       524 2026-01-27 09:35:00+00:00
      0.85        4.00   54         2.00      4.15     1374.69          -33.81      42.93     40.65    6828.97    122.45       305 2026-01-27 09:35:00+00:00
      0.40        3.50   30         2.00      4.29     1372.52          -17.27      48.48     79.48    6824.19    299.61      1317 2026-01-27 09:35:00+00:00
      0.70        3.20   50         2.00      3.74     1372.34          -31.57      40.50     43.47    6823.79    151.71       403 2026-01-27 09:35:00+00:00
      0.65        4.20   42         2.00      4.44     1360.87          -25.41      49.71     53.56    6798.35    170.29       544 2026-01-27 09:35:00+00:00
      0.85        3.60   54         2.00      3.74     1359.08          -27.04      42.93     50.27    6794.38    127.34       317 2026-01-27 09:35:00+00:00
      0.55        3.20   46         2.00      4.37     1358.09          -18.00      46.80     75.46    6792.18    218.22       628 2026-01-27 09:35:00+00:00
      0.65        3.60   48         2.00      4.35     1357.97          -22.39      48.12     60.66    6791.91    182.49       506 2026-01-27 09:35:00+00:00
      0.90        3.90   54         2.00      3.82     1347.56          -27.72      42.66     48.62    6776.65    117.53       290 2026-01-27 08:01:00+00:00
      0.80        4.80   50         2.00      4.90     1351.11          -26.35      49.00     51.27    6776.58    133.92       358 2026-01-27 09:35:00+00:00
      0.45        3.60   30         2.00      3.92     1346.55          -30.60      47.94     44.00    6766.38    244.32      1081 2026-01-27 09:35:00+00:00
      0.70        4.10   48         2.00      4.60     1342.90          -28.86      47.76     46.54    6758.19    160.05       444 2026-01-27 09:35:00+00:00
      0.70        3.80   48         2.00      4.26     1330.92          -18.51      47.76     71.91    6731.18    163.06       448 2026-01-27 09:35:00+00:00
      0.85        4.70   50         2.00      4.52     1326.81          -31.46      48.62     42.18    6721.88    120.62       322 2026-01-27 09:35:00+00:00
      0.60        4.20   36         2.00      4.12     1324.62          -20.92      49.39     63.30    6716.91    187.89       699 2026-01-27 09:35:00+00:00
      0.65        3.40   42         2.00      3.59     1322.51          -25.67      42.10     51.52    6712.12    168.74       531 2026-01-27 09:35:00+00:00
      0.85        4.90   50         2.00      4.71     1322.08          -25.85      48.62     51.15    6711.15    126.35       340 2026-01-27 09:35:00+00:00
      0.90        5.00   48         2.00      4.36     1312.18          -18.32      46.32     71.64    6696.48    119.04       333 2026-01-27 08:01:00+00:00
      0.55        4.30   36         2.00      4.60     1314.83          -16.53      49.90     79.53    6694.63    208.37       771 2026-01-27 09:35:00+00:00
      0.55        3.30   44         2.00      4.32     1312.77          -18.15      44.77     72.34    6689.93    212.35       637 2026-01-27 09:35:00+00:00
      0.60        3.00   48         2.00      3.92     1310.98          -29.31      48.48     44.73    6685.82    183.94       509 2026-01-27 09:35:00+00:00
      0.70        3.60   50         2.00      4.20     1306.40          -19.24      49.75     67.89    6675.35    166.65       437 2026-01-27 09:35:00+00:00
      0.85        4.80   50         2.00      4.62     1303.57          -31.32      48.62     41.62    6668.84    123.66       328 2026-01-27 09:35:00+00:00
      0.65        3.80   48         2.00      4.59     1300.46          -45.72      48.12     28.45    6661.69    167.75       460 2026-01-27 09:35:00+00:00

Top50 按 年化收益率/总手续费 降序（筛选 total_pnl > 0）:
 grid_step  grid_width  qty  grid_center  近似杠杆  年化收益率  最大回撤百分比  压力回撤%  卡玛比率  total_pnl  总手续费  交易次数              回测起始时间
      0.90        5.00   50         2.00      4.54     1438.39          -18.78      48.25     76.59    6975.50    124.00       333 2026-01-27 08:01:00+00:00
      0.90        3.90   54         2.00      3.82     1347.56          -27.72      42.66     48.62    6776.65    117.53       290 2026-01-27 08:01:00+00:00
      0.85        4.00   54         2.00      4.15     1374.69          -33.81      42.93     40.65    6828.97    122.45       305 2026-01-27 09:35:00+00:00
      0.90        4.30   54         2.00      4.22     1238.97          -22.04      42.66     56.21    6525.27    110.79       280 2026-01-27 08:01:00+00:00
      0.90        5.00   48         2.00      4.36     1312.18          -18.32      46.32     71.64    6696.48    119.04       333 2026-01-27 08:01:00+00:00
      0.85        4.70   50         2.00      4.52     1326.81          -31.46      48.62     42.18    6721.88    120.62       322 2026-01-27 09:35:00+00:00
      0.80        4.40   50         2.00      4.50     1668.65          -19.02      49.00     87.71    7431.19    151.81       407 2026-01-27 09:35:00+00:00
      0.90        3.90   52         2.00      3.68     1239.13          -27.07      41.08     45.77    6525.66    113.18       290 2026-01-27 08:01:00+00:00
      0.90        4.20   54         2.00      4.12     1171.22          -36.56      42.66     32.04    6359.99    108.67       270 2026-01-27 08:01:00+00:00
      0.85        4.00   52         2.00      4.00     1263.64          -33.01      41.34     38.28    6576.04    117.92       305 2026-01-27 09:35:00+00:00
      0.90        4.30   52         2.00      4.06     1140.86          -21.52      41.08     53.02    6283.60    106.68       280 2026-01-27 08:01:00+00:00
      0.85        3.60   54         2.00      3.74     1359.08          -27.04      42.93     50.27    6794.38    127.34       317 2026-01-27 09:35:00+00:00
      0.90        4.90   50         2.00      4.45     1236.72          -20.47      48.25     60.42    6519.90    116.10       309 2026-01-27 08:01:00+00:00
      0.85        4.80   50         2.00      4.62     1303.57          -31.32      48.62     41.62    6668.84    123.66       328 2026-01-27 09:35:00+00:00
      0.85        4.60   50         2.00      4.42     1236.80          -26.44      48.62     46.78    6512.44    117.56       312 2026-01-27 09:35:00+00:00
      0.90        5.00   46         2.00      4.18     1194.45          -17.84      44.39     66.96    6417.46    114.08       333 2026-01-27 08:01:00+00:00
      0.85        4.70   48         2.00      4.34     1212.11          -30.62      46.68     39.58    6453.00    115.80       322 2026-01-27 09:35:00+00:00
      0.85        4.90   50         2.00      4.71     1322.08          -25.85      48.62     51.15    6711.15    126.35       340 2026-01-27 09:35:00+00:00
      0.90        3.90   50         2.00      3.54     1137.35          -26.41      39.50     43.06    6274.68    108.82       290 2026-01-27 08:01:00+00:00
      0.80        4.40   48         2.00      4.32     1518.17          -18.56      47.04     81.81    7133.94    145.74       407 2026-01-27 09:35:00+00:00
      0.90        4.20   52         2.00      3.97     1079.47          -35.64      41.08     30.29    6124.44    104.64       270 2026-01-27 08:01:00+00:00
      0.85        4.00   50         2.00      3.85     1159.43          -32.19      39.75     36.02    6323.12    113.38       305 2026-01-27 09:35:00+00:00
      0.90        4.30   50         2.00      3.90     1048.63          -20.98      39.50     49.98    6041.92    102.58       280 2026-01-27 08:01:00+00:00
      0.85        3.60   52         2.00      3.60     1249.53          -26.43      41.34     47.28    6542.74    122.62       317 2026-01-27 09:35:00+00:00
      0.90        4.90   48         2.00      4.27     1131.24          -19.93      46.32     56.75    6259.10    111.46       309 2026-01-27 08:01:00+00:00
      0.80        4.80   50         2.00      4.90     1351.11          -26.35      49.00     51.27    6776.58    133.92       358 2026-01-27 09:35:00+00:00
      0.85        4.80   48         2.00      4.43     1191.25          -30.50      46.68     39.06    6402.08    118.72       328 2026-01-27 09:35:00+00:00
      0.85        4.60   48         2.00      4.25     1131.30          -25.74      46.68     43.94    6251.95    112.85       312 2026-01-27 09:35:00+00:00
      0.85        3.00   54         2.00      3.12     1177.10          -28.69      32.89     41.03    6367.15    117.71       287 2026-01-27 09:35:00+00:00
      0.70        3.20   54         2.00      4.04     1636.63          -33.14      43.74     49.39    7369.70    163.84       403 2026-01-27 09:35:00+00:00
      0.90        3.90   48         2.00      3.40     1041.90          -25.73      37.92     40.49    6023.69    104.47       290 2026-01-27 08:01:00+00:00
      0.85        4.90   48         2.00      4.52     1207.87          -25.17      46.68     47.99    6442.70    121.30       340 2026-01-27 09:35:00+00:00
      0.85        4.70   46         2.00      4.16     1104.97          -29.76      44.73     37.13    6184.13    110.97       322 2026-01-27 09:35:00+00:00
      0.90        5.00   44         2.00      4.00     1084.77          -17.34      42.46     62.55    6138.44    109.12       333 2026-01-27 08:01:00+00:00
      0.90        4.20   50         2.00      3.81      993.14          -34.71      39.50     28.62    5888.88    100.62       270 2026-01-27 08:01:00+00:00
      0.80        4.40   46         2.00      4.14     1378.19          -18.08      45.08     76.24    6836.69    139.67       407 2026-01-27 09:35:00+00:00
      0.90        4.30   48         2.00      3.75      962.01          -20.43      37.92     47.09    5800.24     98.48       280 2026-01-27 08:01:00+00:00
      0.85        4.00   48         2.00      3.69     1061.75          -31.34      38.16     33.88    6070.20    108.84       305 2026-01-27 09:35:00+00:00
      0.85        3.60   50         2.00      3.46     1146.71          -25.80      39.75     44.45    6291.09    117.91       317 2026-01-27 09:35:00+00:00
      0.90        4.90   46         2.00      4.09     1032.59          -19.38      44.39     53.28    5998.31    106.81       309 2026-01-27 08:01:00+00:00
      0.80        4.80   48         2.00      4.71     1233.91          -25.54      47.04     48.32    6505.52    128.56       358 2026-01-27 09:35:00+00:00
      0.85        3.00   52         2.00      3.00     1084.78          -28.00      31.67     38.74    6131.33    113.35       287 2026-01-27 09:35:00+00:00
      0.90        3.20   54         2.00      3.14     1034.71          -16.77      32.72     61.71    6004.11    108.15       269 2026-01-27 08:01:00+00:00
      0.85        4.80   46         2.00      4.25     1086.30          -29.66      44.73     36.63    6135.33    113.77       328 2026-01-27 09:35:00+00:00
      0.85        4.60   46         2.00      4.07     1032.62          -25.03      44.73     41.26    5991.45    108.15       312 2026-01-27 09:35:00+00:00
      0.90        3.90   46         2.00      3.26      952.48          -25.03      36.34     38.05    5772.70    100.12       290 2026-01-27 08:01:00+00:00
      0.70        3.20   52         2.00      3.89     1500.09          -32.37      42.12     46.35    7096.75    157.77       403 2026-01-27 09:35:00+00:00
      0.85        4.90   46         2.00      4.33     1101.17          -24.47      44.73     45.00    6174.26    116.24       340 2026-01-27 09:35:00+00:00
      0.85        4.70   44         2.00      3.98     1004.99          -28.88      42.79     34.80    5915.25    106.15       322 2026-01-27 09:35:00+00:00
      0.90        4.80   50         2.00      4.36      965.39          -27.84      48.25     34.68    5809.98    102.02       267 2026-01-27 08:01:00+00:00
