# 网格搜索报告: XAU-PAXG
# 运行时间: 2026-04-21 13:38:25
# 数据: XAUUSDT_1m.csv + PAXGUSDT_1m.csv
# 指定 grid_center: 5.0
# stress_spread = 120.0
# 价差统计: 均值=-4.6278, 标准差=19.3722, 极差=289.1600
# 搜索轮数: 1
# 回测起始点: 自动找 center 附近

========================================
第 1 轮 粗搜索
参数范围: step=[2.6-4.0], width=[16.0-30.0], qty=[3-12]
组合数: 640
有效结果数: 236
========================================

Top10 按卡玛比率:
 grid_step  grid_width  qty  grid_center  近似杠杆  total_pnl  年化收益率  总手续费  最大回撤百分比  压力回撤%  卡玛比率  交易次数              回测起始时间
      3.60       18.00    8         5.00     38.68   19599.79     3585.21   5535.41          -21.41       0.00    167.45      1764 2025-12-31 04:27:00+00:00
      3.80       20.00    7         5.00     35.63   19077.52     3373.48   5000.80          -24.73       0.00    136.43      1819 2025-12-31 04:27:00+00:00
      3.80       22.00    7         5.00     39.19   21958.75     4654.97   5771.89          -35.04       0.00    132.83      2099 2025-12-31 04:27:00+00:00
      3.60       18.00    7         5.00     33.85   17149.82     2665.34   4843.48          -20.26       0.00    131.55      1764 2025-12-31 04:27:00+00:00
      3.60       16.00    9         5.00     38.68   20787.75     4100.13   5883.57          -31.17       0.00    131.54      1665 2025-12-31 04:27:00+00:00
      4.00       16.00   10         5.00     38.68   19716.92     3633.90   4885.28          -28.44       0.00    127.80      1246 2025-12-31 04:27:00+00:00
      3.80       24.00    6         5.00     36.65   18819.08     3271.92   4974.64          -26.39       0.00    123.98      2105 2025-12-31 04:27:00+00:00
      3.40       26.00    5         5.00     36.98   16783.34     2544.68   5203.66          -21.36       0.00    119.11      2630 2025-12-31 04:54:00+00:00
      3.80       18.00    8         5.00     36.65   20479.57     3962.01   5340.91          -35.26       0.00    112.37      1706 2025-12-31 04:27:00+00:00
      4.00       18.00    9         5.00     39.17   19647.83     3605.12   4847.29          -32.76       0.00    110.05      1371 2025-12-31 04:27:00+00:00

========================================
最终结果（所有轮次合并去重）
========================================

Top50 按卡玛比率降序:
 grid_step  grid_width  qty  grid_center  近似杠杆  年化收益率  最大回撤百分比  压力回撤%  卡玛比率  total_pnl  总手续费  交易次数              回测起始时间
      3.60       18.00    8         5.00     38.68     3585.21          -21.41       0.00    167.45   19599.79   5535.41      1764 2025-12-31 04:27:00+00:00
      3.80       20.00    7         5.00     35.63     3373.48          -24.73       0.00    136.43   19077.52   5000.80      1819 2025-12-31 04:27:00+00:00
      3.80       22.00    7         5.00     39.19     4654.97          -35.04       0.00    132.83   21958.75   5771.89      2099 2025-12-31 04:27:00+00:00
      3.60       18.00    7         5.00     33.85     2665.34          -20.26       0.00    131.55   17149.82   4843.48      1764 2025-12-31 04:27:00+00:00
      3.60       16.00    9         5.00     38.68     4100.13          -31.17       0.00    131.54   20787.75   5883.57      1665 2025-12-31 04:27:00+00:00
      4.00       16.00   10         5.00     38.68     3633.90          -28.44       0.00    127.80   19716.92   4885.28      1246 2025-12-31 04:27:00+00:00
      3.80       24.00    6         5.00     36.65     3271.92          -26.39       0.00    123.98   18819.08   4974.64      2105 2025-12-31 04:27:00+00:00
      3.40       26.00    5         5.00     36.98     2544.68          -21.36       0.00    119.11   16783.34   5203.66      2630 2025-12-31 04:54:00+00:00
      3.80       18.00    8         5.00     36.65     3962.01          -35.26       0.00    112.37   20479.57   5340.91      1706 2025-12-31 04:27:00+00:00
      4.00       18.00    9         5.00     39.17     3605.12          -32.76       0.00    110.05   19647.83   4847.29      1371 2025-12-31 04:27:00+00:00
      3.80       16.00    9         5.00     36.65     3725.56          -34.03       0.00    109.47   19934.54   5189.50      1475 2025-12-31 04:27:00+00:00
      4.00       16.00    9         5.00     34.81     2872.09          -27.08       0.00    106.07   17745.23   4396.75      1246 2025-12-31 04:27:00+00:00
      3.60       16.00    8         5.00     34.38     3141.09          -29.74       0.00    105.62   18478.00   5229.84      1665 2025-12-31 04:27:00+00:00
      3.60       20.00    7         5.00     37.61     3976.72          -37.78       0.00    105.26   20512.73   5870.20      2132 2025-12-31 04:27:00+00:00
      3.60       28.00    5         5.00     37.61     2294.91          -21.96       0.00    104.52   16000.14   4601.26      2317 2025-12-31 04:27:00+00:00
      3.80       20.00    6         5.00     30.54     2404.39          -23.19       0.00    103.67   16352.16   4286.40      1819 2025-12-31 04:27:00+00:00
      3.20       16.00    8         5.00     38.68     3097.93          -29.95       0.00    103.44   18358.31   6038.81      1919 2025-12-31 04:54:00+00:00
      3.60       18.00    6         5.00     29.01     1919.44          -18.91       0.00    101.52   14699.85   4151.55      1764 2025-12-31 04:27:00+00:00
      3.40       18.00    7         5.00     35.84     3263.58          -32.51       0.00    100.40   18792.41   5625.06      2053 2025-12-31 04:54:00+00:00
      3.80       22.00    6         5.00     33.59     3272.97          -32.62       0.00    100.33   18821.78   4947.34      2099 2025-12-31 04:27:00+00:00
      3.80       24.00    5         5.00     30.54     2199.06          -24.45       0.00     89.94   15682.56   4145.54      2105 2025-12-31 04:27:00+00:00
      4.00       18.00    8         5.00     34.81     2773.39          -31.19       0.00     88.93   17464.74   4308.70      1371 2025-12-31 04:27:00+00:00
      3.80       16.00    8         5.00     32.57     2862.98          -32.25       0.00     88.78   17719.60   4612.88      1475 2025-12-31 04:27:00+00:00
      3.80       18.00    7         5.00     32.07     2934.64          -33.40       0.00     87.87   17919.62   4673.30      1706 2025-12-31 04:27:00+00:00
      3.20       20.00    6         5.00     36.26     2739.99          -31.27       0.00     87.63   17363.59   5694.29      2414 2025-12-31 04:54:00+00:00
      3.60       26.00    5         5.00     34.92     2496.04          -28.64       0.00     87.16   16638.67   4685.23      2376 2025-12-31 04:27:00+00:00
      4.00       16.00    8         5.00     30.95     2226.24          -25.55       0.00     87.12   15773.53   3908.23      1246 2025-12-31 04:27:00+00:00
      3.40       26.00    4         5.00     29.58     1594.53          -18.82       0.00     84.74   13426.67   4162.93      2630 2025-12-31 04:54:00+00:00
      3.60       16.00    7         5.00     30.09     2346.77          -28.08       0.00     83.57   16168.25   4576.11      1665 2025-12-31 04:27:00+00:00
      3.20       18.00    7         5.00     38.08     3734.97          -44.82       0.00     83.34   19951.07   6531.61      2381 2025-12-31 04:54:00+00:00
      3.20       16.00    7         5.00     33.85     2315.69          -28.27       0.00     81.91   16063.52   5283.96      1919 2025-12-31 04:54:00+00:00
      3.60       24.00    6         5.00     38.68     2383.94          -29.24       0.00     81.54   16287.24   4622.94      1945 2025-12-31 04:27:00+00:00
      2.80       16.00    7         5.00     38.68     3254.09          -40.10       0.00     81.15   18767.95   7365.57      2682 2025-12-31 04:54:00+00:00
      3.60       20.00    6         5.00     32.23     2814.49          -35.03       0.00     80.34   17582.34   5031.60      2132 2025-12-31 04:27:00+00:00
      3.40       16.00    8         5.00     36.41     3477.79          -43.74       0.00     79.50   19332.14   5861.30      1868 2025-12-31 04:54:00+00:00
      3.20       26.00    5         5.00     39.29     2944.91          -37.30       0.00     78.96   17943.12   6090.83      3072 2025-12-31 04:54:00+00:00
      4.00       20.00    8         5.00     38.68     2689.74          -34.20       0.00     78.65   17221.68   4316.08      1362 2025-12-31 04:27:00+00:00
      3.80       20.00    5         5.00     25.45     1642.28          -21.34       0.00     76.96   13626.80   3572.00      1819 2025-12-31 04:27:00+00:00
      3.60       18.00    5         5.00     24.18     1327.06          -17.29       0.00     76.75   12249.87   3459.63      1764 2025-12-31 04:27:00+00:00
      3.40       18.00    6         5.00     30.72     2329.35          -30.42       0.00     76.56   16107.78   4821.48      2053 2025-12-31 04:54:00+00:00
      3.60       28.00    4         5.00     30.09     1447.77          -19.25       0.00     75.22   12800.11   3681.01      2317 2025-12-31 04:27:00+00:00
      3.00       16.00    7         5.00     36.10     2248.96          -30.38       0.00     74.03   15844.85   5715.78      2084 2025-12-31 04:54:00+00:00
      3.80       22.00    5         5.00     27.99     2199.73          -30.07       0.00     73.16   15684.82   4122.78      2099 2025-12-31 04:27:00+00:00
      3.80       26.00    6         5.00     39.70     3191.29          -43.64       0.00     73.13   18609.98   4890.76      2069 2025-12-31 04:27:00+00:00
      2.60       24.00    4         5.00     35.71     1578.03          -21.64       0.00     72.94   13357.84   5994.76      3790 2025-12-31 04:54:00+00:00
      3.40       24.00    5         5.00     34.13     1888.43          -26.14       0.00     72.24   14581.35   4473.35      2258 2025-12-31 04:54:00+00:00
      3.80       16.00    7         5.00     28.50     2146.54          -30.21       0.00     71.06   15504.65   4036.27      1475 2025-12-31 04:27:00+00:00
      4.00       18.00    7         5.00     30.46     2081.92          -29.37       0.00     70.88   15281.65   3770.11      1371 2025-12-31 04:27:00+00:00
      4.00       16.00    7         5.00     27.08     1685.55          -23.83       0.00     70.73   13801.84   3419.70      1246 2025-12-31 04:27:00+00:00
      3.80       28.00    5         5.00     35.63     2402.11          -34.00       0.00     70.64   16344.94   4333.51      2183 2025-12-31 04:27:00+00:00

Top50 按年化收益率降序:
 grid_step  grid_width  qty  grid_center  近似杠杆  年化收益率  最大回撤百分比  压力回撤%  卡玛比率  total_pnl  总手续费  交易次数              回测起始时间
      3.80       22.00    7         5.00     39.19     4654.97          -35.04       0.00    132.83   21958.75   5771.89      2099 2025-12-31 04:27:00+00:00
      3.60       16.00    9         5.00     38.68     4100.13          -31.17       0.00    131.54   20787.75   5883.57      1665 2025-12-31 04:27:00+00:00
      3.60       20.00    7         5.00     37.61     3976.72          -37.78       0.00    105.26   20512.73   5870.20      2132 2025-12-31 04:27:00+00:00
      3.80       18.00    8         5.00     36.65     3962.01          -35.26       0.00    112.37   20479.57   5340.91      1706 2025-12-31 04:27:00+00:00
      3.20       18.00    7         5.00     38.08     3734.97          -44.82       0.00     83.34   19951.07   6531.61      2381 2025-12-31 04:54:00+00:00
      3.80       16.00    9         5.00     36.65     3725.56          -34.03       0.00    109.47   19934.54   5189.50      1475 2025-12-31 04:27:00+00:00
      4.00       16.00   10         5.00     38.68     3633.90          -28.44       0.00    127.80   19716.92   4885.28      1246 2025-12-31 04:27:00+00:00
      4.00       18.00    9         5.00     39.17     3605.12          -32.76       0.00    110.05   19647.83   4847.29      1371 2025-12-31 04:27:00+00:00
      3.60       18.00    8         5.00     38.68     3585.21          -21.41       0.00    167.45   19599.79   5535.41      1764 2025-12-31 04:27:00+00:00
      3.40       16.00    8         5.00     36.41     3477.79          -43.74       0.00     79.50   19332.14   5861.30      1868 2025-12-31 04:54:00+00:00
      3.80       20.00    7         5.00     35.63     3373.48          -24.73       0.00    136.43   19077.52   5000.80      1819 2025-12-31 04:27:00+00:00
      3.80       22.00    6         5.00     33.59     3272.97          -32.62       0.00    100.33   18821.78   4947.34      2099 2025-12-31 04:27:00+00:00
      3.80       24.00    6         5.00     36.65     3271.92          -26.39       0.00    123.98   18819.08   4974.64      2105 2025-12-31 04:27:00+00:00
      3.40       18.00    7         5.00     35.84     3263.58          -32.51       0.00    100.40   18792.41   5625.06      2053 2025-12-31 04:54:00+00:00
      2.80       16.00    7         5.00     38.68     3254.09          -40.10       0.00     81.15   18767.95   7365.57      2682 2025-12-31 04:54:00+00:00
      3.80       26.00    6         5.00     39.70     3191.29          -43.64       0.00     73.13   18609.98   4890.76      2069 2025-12-31 04:27:00+00:00
      3.60       16.00    8         5.00     34.38     3141.09          -29.74       0.00    105.62   18478.00   5229.84      1665 2025-12-31 04:27:00+00:00
      3.20       16.00    8         5.00     38.68     3097.93          -29.95       0.00    103.44   18358.31   6038.81      1919 2025-12-31 04:54:00+00:00
      3.20       22.00    6         5.00     39.89     3097.05          -44.96       0.00     68.88   18355.96   6053.48      2562 2025-12-31 04:54:00+00:00
      3.20       26.00    5         5.00     39.29     2944.91          -37.30       0.00     78.96   17943.12   6090.83      3072 2025-12-31 04:54:00+00:00
      3.80       18.00    7         5.00     32.07     2934.64          -33.40       0.00     87.87   17919.62   4673.30      1706 2025-12-31 04:27:00+00:00
      2.80       18.00    6         5.00     37.30     2912.63          -46.83       0.00     62.19   17853.67   6972.35      2967 2025-12-31 04:54:00+00:00
      4.00       16.00    9         5.00     34.81     2872.09          -27.08       0.00    106.07   17745.23   4396.75      1246 2025-12-31 04:27:00+00:00
      3.80       16.00    8         5.00     32.57     2862.98          -32.25       0.00     88.78   17719.60   4612.88      1475 2025-12-31 04:27:00+00:00
      3.60       20.00    6         5.00     32.23     2814.49          -35.03       0.00     80.34   17582.34   5031.60      2132 2025-12-31 04:27:00+00:00
      3.40       20.00    7         5.00     39.82     2776.01          -41.03       0.00     67.66   17467.51   5361.38      1935 2025-12-31 04:54:00+00:00
      4.00       18.00    8         5.00     34.81     2773.39          -31.19       0.00     88.93   17464.74   4308.70      1371 2025-12-31 04:27:00+00:00
      3.20       20.00    6         5.00     36.26     2739.99          -31.27       0.00     87.63   17363.59   5694.29      2414 2025-12-31 04:54:00+00:00
      4.00       20.00    8         5.00     38.68     2689.74          -34.20       0.00     78.65   17221.68   4316.08      1362 2025-12-31 04:27:00+00:00
      3.60       18.00    7         5.00     33.85     2665.34          -20.26       0.00    131.55   17149.82   4843.48      1764 2025-12-31 04:27:00+00:00
      3.20       18.00    6         5.00     32.64     2650.37          -41.99       0.00     63.11   17100.91   5598.53      2381 2025-12-31 04:54:00+00:00
      3.40       16.00    7         5.00     31.86     2588.35          -41.36       0.00     62.58   16915.62   5128.64      1868 2025-12-31 04:54:00+00:00
      3.40       26.00    5         5.00     36.98     2544.68          -21.36       0.00    119.11   16783.34   5203.66      2630 2025-12-31 04:54:00+00:00
      2.60       16.00    6         5.00     35.71     2522.52          -43.32       0.00     58.23   16715.63   7309.69      3101 2025-12-31 04:54:00+00:00
      3.60       26.00    5         5.00     34.92     2496.04          -28.64       0.00     87.16   16638.67   4685.23      2376 2025-12-31 04:27:00+00:00
      3.20       24.00    5         5.00     36.26     2457.89          -39.70       0.00     61.92   16515.86   5413.09      2743 2025-12-31 04:54:00+00:00
      3.60       22.00    6         5.00     35.46     2431.45          -42.99       0.00     56.55   16437.50   4698.88      1976 2025-12-31 04:27:00+00:00
      3.80       20.00    6         5.00     30.54     2404.39          -23.19       0.00    103.67   16352.16   4286.40      1819 2025-12-31 04:27:00+00:00
      3.80       28.00    5         5.00     35.63     2402.11          -34.00       0.00     70.64   16344.94   4333.51      2183 2025-12-31 04:27:00+00:00
      3.60       24.00    6         5.00     38.68     2383.94          -29.24       0.00     81.54   16287.24   4622.94      1945 2025-12-31 04:27:00+00:00
      2.80       22.00    5         5.00     37.99     2349.71          -39.85       0.00     58.96   16173.40   6343.75      3221 2025-12-31 04:54:00+00:00
      3.60       16.00    7         5.00     30.09     2346.77          -28.08       0.00     83.57   16168.25   4576.11      1665 2025-12-31 04:27:00+00:00
      3.40       18.00    6         5.00     30.72     2329.35          -30.42       0.00     76.56   16107.78   4821.48      2053 2025-12-31 04:54:00+00:00
      2.80       16.00    6         5.00     33.16     2322.87          -37.47       0.00     62.00   16086.82   6313.34      2682 2025-12-31 04:54:00+00:00
      3.20       16.00    7         5.00     33.85     2315.69          -28.27       0.00     81.91   16063.52   5283.96      1919 2025-12-31 04:54:00+00:00
      3.80       30.00    5         5.00     38.17     2310.66          -33.96       0.00     68.05   16051.45   4371.75      2195 2025-12-31 04:27:00+00:00
      3.60       28.00    5         5.00     37.61     2294.91          -21.96       0.00    104.52   16000.14   4601.26      2317 2025-12-31 04:27:00+00:00
      3.00       16.00    7         5.00     36.10     2248.96          -30.38       0.00     74.03   15844.85   5715.78      2084 2025-12-31 04:54:00+00:00
      4.00       16.00    8         5.00     30.95     2226.24          -25.55       0.00     87.12   15773.53   3908.23      1246 2025-12-31 04:27:00+00:00
      4.00       22.00    7         5.00     37.23     2202.28          -35.11       0.00     62.73   15693.39   3918.37      1411 2025-12-31 04:27:00+00:00

Top50 按 total_pnl 降序:
 grid_step  grid_width  qty  grid_center  近似杠杆  年化收益率  最大回撤百分比  压力回撤%  卡玛比率  total_pnl  总手续费  交易次数              回测起始时间
      3.80       22.00    7         5.00     39.19     4654.97          -35.04       0.00    132.83   21958.75   5771.89      2099 2025-12-31 04:27:00+00:00
      3.60       16.00    9         5.00     38.68     4100.13          -31.17       0.00    131.54   20787.75   5883.57      1665 2025-12-31 04:27:00+00:00
      3.60       20.00    7         5.00     37.61     3976.72          -37.78       0.00    105.26   20512.73   5870.20      2132 2025-12-31 04:27:00+00:00
      3.80       18.00    8         5.00     36.65     3962.01          -35.26       0.00    112.37   20479.57   5340.91      1706 2025-12-31 04:27:00+00:00
      3.20       18.00    7         5.00     38.08     3734.97          -44.82       0.00     83.34   19951.07   6531.61      2381 2025-12-31 04:54:00+00:00
      3.80       16.00    9         5.00     36.65     3725.56          -34.03       0.00    109.47   19934.54   5189.50      1475 2025-12-31 04:27:00+00:00
      4.00       16.00   10         5.00     38.68     3633.90          -28.44       0.00    127.80   19716.92   4885.28      1246 2025-12-31 04:27:00+00:00
      4.00       18.00    9         5.00     39.17     3605.12          -32.76       0.00    110.05   19647.83   4847.29      1371 2025-12-31 04:27:00+00:00
      3.60       18.00    8         5.00     38.68     3585.21          -21.41       0.00    167.45   19599.79   5535.41      1764 2025-12-31 04:27:00+00:00
      3.40       16.00    8         5.00     36.41     3477.79          -43.74       0.00     79.50   19332.14   5861.30      1868 2025-12-31 04:54:00+00:00
      3.80       20.00    7         5.00     35.63     3373.48          -24.73       0.00    136.43   19077.52   5000.80      1819 2025-12-31 04:27:00+00:00
      3.80       22.00    6         5.00     33.59     3272.97          -32.62       0.00    100.33   18821.78   4947.34      2099 2025-12-31 04:27:00+00:00
      3.80       24.00    6         5.00     36.65     3271.92          -26.39       0.00    123.98   18819.08   4974.64      2105 2025-12-31 04:27:00+00:00
      3.40       18.00    7         5.00     35.84     3263.58          -32.51       0.00    100.40   18792.41   5625.06      2053 2025-12-31 04:54:00+00:00
      2.80       16.00    7         5.00     38.68     3254.09          -40.10       0.00     81.15   18767.95   7365.57      2682 2025-12-31 04:54:00+00:00
      3.80       26.00    6         5.00     39.70     3191.29          -43.64       0.00     73.13   18609.98   4890.76      2069 2025-12-31 04:27:00+00:00
      3.60       16.00    8         5.00     34.38     3141.09          -29.74       0.00    105.62   18478.00   5229.84      1665 2025-12-31 04:27:00+00:00
      3.20       16.00    8         5.00     38.68     3097.93          -29.95       0.00    103.44   18358.31   6038.81      1919 2025-12-31 04:54:00+00:00
      3.20       22.00    6         5.00     39.89     3097.05          -44.96       0.00     68.88   18355.96   6053.48      2562 2025-12-31 04:54:00+00:00
      3.20       26.00    5         5.00     39.29     2944.91          -37.30       0.00     78.96   17943.12   6090.83      3072 2025-12-31 04:54:00+00:00
      3.80       18.00    7         5.00     32.07     2934.64          -33.40       0.00     87.87   17919.62   4673.30      1706 2025-12-31 04:27:00+00:00
      2.80       18.00    6         5.00     37.30     2912.63          -46.83       0.00     62.19   17853.67   6972.35      2967 2025-12-31 04:54:00+00:00
      4.00       16.00    9         5.00     34.81     2872.09          -27.08       0.00    106.07   17745.23   4396.75      1246 2025-12-31 04:27:00+00:00
      3.80       16.00    8         5.00     32.57     2862.98          -32.25       0.00     88.78   17719.60   4612.88      1475 2025-12-31 04:27:00+00:00
      3.60       20.00    6         5.00     32.23     2814.49          -35.03       0.00     80.34   17582.34   5031.60      2132 2025-12-31 04:27:00+00:00
      3.40       20.00    7         5.00     39.82     2776.01          -41.03       0.00     67.66   17467.51   5361.38      1935 2025-12-31 04:54:00+00:00
      4.00       18.00    8         5.00     34.81     2773.39          -31.19       0.00     88.93   17464.74   4308.70      1371 2025-12-31 04:27:00+00:00
      3.20       20.00    6         5.00     36.26     2739.99          -31.27       0.00     87.63   17363.59   5694.29      2414 2025-12-31 04:54:00+00:00
      4.00       20.00    8         5.00     38.68     2689.74          -34.20       0.00     78.65   17221.68   4316.08      1362 2025-12-31 04:27:00+00:00
      3.60       18.00    7         5.00     33.85     2665.34          -20.26       0.00    131.55   17149.82   4843.48      1764 2025-12-31 04:27:00+00:00
      3.20       18.00    6         5.00     32.64     2650.37          -41.99       0.00     63.11   17100.91   5598.53      2381 2025-12-31 04:54:00+00:00
      3.40       16.00    7         5.00     31.86     2588.35          -41.36       0.00     62.58   16915.62   5128.64      1868 2025-12-31 04:54:00+00:00
      3.40       26.00    5         5.00     36.98     2544.68          -21.36       0.00    119.11   16783.34   5203.66      2630 2025-12-31 04:54:00+00:00
      2.60       16.00    6         5.00     35.71     2522.52          -43.32       0.00     58.23   16715.63   7309.69      3101 2025-12-31 04:54:00+00:00
      3.60       26.00    5         5.00     34.92     2496.04          -28.64       0.00     87.16   16638.67   4685.23      2376 2025-12-31 04:27:00+00:00
      3.20       24.00    5         5.00     36.26     2457.89          -39.70       0.00     61.92   16515.86   5413.09      2743 2025-12-31 04:54:00+00:00
      3.60       22.00    6         5.00     35.46     2431.45          -42.99       0.00     56.55   16437.50   4698.88      1976 2025-12-31 04:27:00+00:00
      3.80       20.00    6         5.00     30.54     2404.39          -23.19       0.00    103.67   16352.16   4286.40      1819 2025-12-31 04:27:00+00:00
      3.80       28.00    5         5.00     35.63     2402.11          -34.00       0.00     70.64   16344.94   4333.51      2183 2025-12-31 04:27:00+00:00
      3.60       24.00    6         5.00     38.68     2383.94          -29.24       0.00     81.54   16287.24   4622.94      1945 2025-12-31 04:27:00+00:00
      2.80       22.00    5         5.00     37.99     2349.71          -39.85       0.00     58.96   16173.40   6343.75      3221 2025-12-31 04:54:00+00:00
      3.60       16.00    7         5.00     30.09     2346.77          -28.08       0.00     83.57   16168.25   4576.11      1665 2025-12-31 04:27:00+00:00
      3.40       18.00    6         5.00     30.72     2329.35          -30.42       0.00     76.56   16107.78   4821.48      2053 2025-12-31 04:54:00+00:00
      2.80       16.00    6         5.00     33.16     2322.87          -37.47       0.00     62.00   16086.82   6313.34      2682 2025-12-31 04:54:00+00:00
      3.20       16.00    7         5.00     33.85     2315.69          -28.27       0.00     81.91   16063.52   5283.96      1919 2025-12-31 04:54:00+00:00
      3.80       30.00    5         5.00     38.17     2310.66          -33.96       0.00     68.05   16051.45   4371.75      2195 2025-12-31 04:27:00+00:00
      3.60       28.00    5         5.00     37.61     2294.91          -21.96       0.00    104.52   16000.14   4601.26      2317 2025-12-31 04:27:00+00:00
      3.00       16.00    7         5.00     36.10     2248.96          -30.38       0.00     74.03   15844.85   5715.78      2084 2025-12-31 04:54:00+00:00
      4.00       16.00    8         5.00     30.95     2226.24          -25.55       0.00     87.12   15773.53   3908.23      1246 2025-12-31 04:27:00+00:00
      4.00       22.00    7         5.00     37.23     2202.28          -35.11       0.00     62.73   15693.39   3918.37      1411 2025-12-31 04:27:00+00:00

Top50 按 年化收益率/总手续费 降序（筛选 total_pnl > 0）:
 grid_step  grid_width  qty  grid_center  近似杠杆  年化收益率  最大回撤百分比  压力回撤%  卡玛比率  total_pnl  总手续费  交易次数              回测起始时间
      3.80       22.00    7         5.00     39.19     4654.97          -35.04       0.00    132.83   21958.75   5771.89      2099 2025-12-31 04:27:00+00:00
      4.00       16.00   10         5.00     38.68     3633.90          -28.44       0.00    127.80   19716.92   4885.28      1246 2025-12-31 04:27:00+00:00
      4.00       18.00    9         5.00     39.17     3605.12          -32.76       0.00    110.05   19647.83   4847.29      1371 2025-12-31 04:27:00+00:00
      3.80       18.00    8         5.00     36.65     3962.01          -35.26       0.00    112.37   20479.57   5340.91      1706 2025-12-31 04:27:00+00:00
      3.80       16.00    9         5.00     36.65     3725.56          -34.03       0.00    109.47   19934.54   5189.50      1475 2025-12-31 04:27:00+00:00
      3.60       16.00    9         5.00     38.68     4100.13          -31.17       0.00    131.54   20787.75   5883.57      1665 2025-12-31 04:27:00+00:00
      3.60       20.00    7         5.00     37.61     3976.72          -37.78       0.00    105.26   20512.73   5870.20      2132 2025-12-31 04:27:00+00:00
      3.80       20.00    7         5.00     35.63     3373.48          -24.73       0.00    136.43   19077.52   5000.80      1819 2025-12-31 04:27:00+00:00
      3.80       22.00    6         5.00     33.59     3272.97          -32.62       0.00    100.33   18821.78   4947.34      2099 2025-12-31 04:27:00+00:00
      3.80       24.00    6         5.00     36.65     3271.92          -26.39       0.00    123.98   18819.08   4974.64      2105 2025-12-31 04:27:00+00:00
      4.00       16.00    9         5.00     34.81     2872.09          -27.08       0.00    106.07   17745.23   4396.75      1246 2025-12-31 04:27:00+00:00
      3.80       26.00    6         5.00     39.70     3191.29          -43.64       0.00     73.13   18609.98   4890.76      2069 2025-12-31 04:27:00+00:00
      3.60       18.00    8         5.00     38.68     3585.21          -21.41       0.00    167.45   19599.79   5535.41      1764 2025-12-31 04:27:00+00:00
      4.00       18.00    8         5.00     34.81     2773.39          -31.19       0.00     88.93   17464.74   4308.70      1371 2025-12-31 04:27:00+00:00
      3.80       18.00    7         5.00     32.07     2934.64          -33.40       0.00     87.87   17919.62   4673.30      1706 2025-12-31 04:27:00+00:00
      4.00       20.00    8         5.00     38.68     2689.74          -34.20       0.00     78.65   17221.68   4316.08      1362 2025-12-31 04:27:00+00:00
      3.80       16.00    8         5.00     32.57     2862.98          -32.25       0.00     88.78   17719.60   4612.88      1475 2025-12-31 04:27:00+00:00
      3.60       16.00    8         5.00     34.38     3141.09          -29.74       0.00    105.62   18478.00   5229.84      1665 2025-12-31 04:27:00+00:00
      3.40       16.00    8         5.00     36.41     3477.79          -43.74       0.00     79.50   19332.14   5861.30      1868 2025-12-31 04:54:00+00:00
      3.40       18.00    7         5.00     35.84     3263.58          -32.51       0.00    100.40   18792.41   5625.06      2053 2025-12-31 04:54:00+00:00
      3.20       18.00    7         5.00     38.08     3734.97          -44.82       0.00     83.34   19951.07   6531.61      2381 2025-12-31 04:54:00+00:00
      4.00       16.00    8         5.00     30.95     2226.24          -25.55       0.00     87.12   15773.53   3908.23      1246 2025-12-31 04:27:00+00:00
      4.00       22.00    7         5.00     37.23     2202.28          -35.11       0.00     62.73   15693.39   3918.37      1411 2025-12-31 04:27:00+00:00
      3.80       20.00    6         5.00     30.54     2404.39          -23.19       0.00    103.67   16352.16   4286.40      1819 2025-12-31 04:27:00+00:00
      3.60       20.00    6         5.00     32.23     2814.49          -35.03       0.00     80.34   17582.34   5031.60      2132 2025-12-31 04:27:00+00:00
      3.80       28.00    5         5.00     35.63     2402.11          -34.00       0.00     70.64   16344.94   4333.51      2183 2025-12-31 04:27:00+00:00
      4.00       18.00    7         5.00     30.46     2081.92          -29.37       0.00     70.88   15281.65   3770.11      1371 2025-12-31 04:27:00+00:00
      3.60       18.00    7         5.00     33.85     2665.34          -20.26       0.00    131.55   17149.82   4843.48      1764 2025-12-31 04:27:00+00:00
      4.00       20.00    7         5.00     33.85     2021.50          -31.85       0.00     63.48   15068.97   3776.57      1362 2025-12-31 04:27:00+00:00
      3.80       22.00    5         5.00     27.99     2199.73          -30.07       0.00     73.16   15684.82   4122.78      2099 2025-12-31 04:27:00+00:00
      3.60       26.00    5         5.00     34.92     2496.04          -28.64       0.00     87.16   16638.67   4685.23      2376 2025-12-31 04:27:00+00:00
      3.80       16.00    7         5.00     28.50     2146.54          -30.21       0.00     71.06   15504.65   4036.27      1475 2025-12-31 04:27:00+00:00
      3.80       24.00    5         5.00     30.54     2199.06          -24.45       0.00     89.94   15682.56   4145.54      2105 2025-12-31 04:27:00+00:00
      3.80       30.00    5         5.00     38.17     2310.66          -33.96       0.00     68.05   16051.45   4371.75      2195 2025-12-31 04:27:00+00:00
      3.80       26.00    5         5.00     33.08     2147.62          -40.35       0.00     53.22   15508.31   4075.64      2069 2025-12-31 04:27:00+00:00
      3.80       18.00    6         5.00     27.48     2104.38          -31.21       0.00     67.44   15359.67   4005.69      1706 2025-12-31 04:27:00+00:00
      4.00       26.00    6         5.00     37.71     1907.72          -32.26       0.00     59.14   14656.63   3665.45      1537 2025-12-31 04:27:00+00:00
      3.40       20.00    7         5.00     39.82     2776.01          -41.03       0.00     67.66   17467.51   5361.38      1935 2025-12-31 04:54:00+00:00
      3.60       22.00    6         5.00     35.46     2431.45          -42.99       0.00     56.55   16437.50   4698.88      1976 2025-12-31 04:27:00+00:00
      3.60       24.00    6         5.00     38.68     2383.94          -29.24       0.00     81.54   16287.24   4622.94      1945 2025-12-31 04:27:00+00:00
      3.20       16.00    8         5.00     38.68     3097.93          -29.95       0.00    103.44   18358.31   6038.81      1919 2025-12-31 04:54:00+00:00
      3.60       16.00    7         5.00     30.09     2346.77          -28.08       0.00     83.57   16168.25   4576.11      1665 2025-12-31 04:27:00+00:00
      3.20       22.00    6         5.00     39.89     3097.05          -44.96       0.00     68.88   18355.96   6053.48      2562 2025-12-31 04:54:00+00:00
      3.40       16.00    7         5.00     31.86     2588.35          -41.36       0.00     62.58   16915.62   5128.64      1868 2025-12-31 04:54:00+00:00
      3.60       28.00    5         5.00     37.61     2294.91          -21.96       0.00    104.52   16000.14   4601.26      2317 2025-12-31 04:27:00+00:00
      4.00       16.00    7         5.00     27.08     1685.55          -23.83       0.00     70.73   13801.84   3419.70      1246 2025-12-31 04:27:00+00:00
      3.40       26.00    5         5.00     36.98     2544.68          -21.36       0.00    119.11   16783.34   5203.66      2630 2025-12-31 04:54:00+00:00
      4.00       24.00    6         5.00     34.81     1689.99          -32.15       0.00     52.57   13819.63   3485.69      1458 2025-12-31 04:27:00+00:00
      3.20       26.00    5         5.00     39.29     2944.91          -37.30       0.00     78.96   17943.12   6090.83      3072 2025-12-31 04:54:00+00:00
      3.40       18.00    6         5.00     30.72     2329.35          -30.42       0.00     76.56   16107.78   4821.48      2053 2025-12-31 04:54:00+00:00
